1.676149932372469493e+03
-5.093585906226300608e+01
3.239105926602172076e+03
1.886044452263207631e+02
3.242717414491130330e+04
1.620586774038334988e+04
-2.727550476176343182e+02
7.550822534888264954e+02
1.876091738501808095e+03
2.878974833647425839e+02
4.587275480879077350e+02
1.983278447289869746e+03
-1.734850420638448156e+02
1.673091660615197043e+03
7.310670012752437685e+01
-3.650798426440210687e+00
1.995275436623219548e+03
3.254642583816497563e+02
7.233720005444314438e+02
1.858299096225347057e+03
3.184453040099874102e+02
1.243219390292568960e+03
1.005569118562084441e+03
-1.391140263924240017e+01
2.483953127056569770e+02
9.444342982193437592e+02
3.954202862804790584e+03
7.852459448668896869e+01
4.227779893263805207e+02
7.336180280310776425e+02
1.707017561804055049e+03
2.009472657123749002e+02
4.567560072689366280e+02
1.900819988521796233e+02
9.761552817881715782e+01
8.754967807844079744e+02
2.195215641826361832e+02
7.417120702401839480e+03
1.566891399615425371e+02
3.296317580790142983e+03
5.325282573419135588e+02
2.503674149655690542e+02
1.839726269126007992e+03
2.211528451361902626e+03
-3.960777259708908673e+02
4.747206241730003740e+02
1.008117813663654260e+03
3.664301349785868751e+03
3.303286489066867489e+03
8.164868615900418263e+02
7.793789666501717193e+02
1.546279228710562165e+03
4.130723236997866366e+02
9.071595251619426108e+02
2.491119242332074180e+02
3.493155959412010816e+02
4.335343291907509524e+02
-1.875078708668484637e+02
2.799666338506306420e+04
4.467403518778594844e+03
5.300950506981075705e+02
2.364599981782193026e+03
4.458123989704531596e+03
1.058202772307595114e+04
3.592012337465221776e+02
4.517727265911404538e+04
-1.096969167865200045e+00
2.038856763750575055e+03
2.198791013502156204e+02
5.778234496181645227e+04
-1.284514396642273596e+03
4.785911776393219270e+02
6.339227663648634916e+02
4.407288160010315323e+02
1.855168041939401974e+03
2.111451154015811881e+03
1.127551784838613457e+04
2.787531189641497917e+02
3.660597166686600303e+02
1.525505510072841844e+02
1.099930113755418461e+03
1.772867497092065605e+03
2.581089630713137922e+03
2.067120164521094466e+03
6.287549810411283033e+02
3.486929161474921557e+02
2.487954523349754709e+03
3.939212708580687377e+02
3.303338602400766831e+03
2.059108093783226650e+03
4.367444408106751439e+02
5.675692929547747099e+02
7.675673309181884179e+02
1.093149857463134140e+03
5.353701390258891024e+02
3.612470425614670262e+02
5.552451367002552161e+02
3.829871055784433338e+03
3.793905706457391716e+03
1.924373969167043469e+03
1.253968486624678008e+03
2.428485880179323431e+03
-3.928726528976255395e+03
4.348651588714394620e+02
8.375304590672592894e+03
5.874192768783866995e+03
5.602058250663500303e+02
2.685071912548580258e+03
-1.774792760001152203e+02
2.664425320384379461e+02
6.671002171130170666e+01
7.232928403933140089e+02
9.773982327664039985e+03
-2.886005168022149547e+01
1.921570540333910913e+03
3.636805850132157758e+01
2.970474842442245063e+03
3.747201864958568422e+03
1.682520848193062420e+03
1.646303888219764531e+03
5.392647017053994887e+02
2.892350639934569472e+02
3.388731639696934053e+03
5.439456729747893405e+04
2.767862387957293322e+02
1.455489213711180128e+02
-1.677422608230656988e+04
8.122566899850804703e+02
1.539902467642603187e+04
9.557440402990798702e+02
1.668706615971771953e+03
1.644975560235011926e+03
7.651363549723632786e+02
7.044479896593838930e+03
4.009041729064667265e+02
-7.060275175309725171e+01
3.691708935761836869e+02
2.048443842245614633e+03
-7.527438015048944919e+01
2.019050943077778584e+03
1.267768813919736658e+03
7.540869892869927753e+02
3.335364200358858398e+02
1.545940331079027601e+03
6.365204864002195109e+02
2.374032691803129183e+03
2.961491183058152728e+03
2.410846969266362976e+03
1.675891682923452890e+03
1.240671552489082160e+03
2.877820431451004879e+03
3.352297041372780768e+02
6.543217467367875543e+03
-2.270219258703147887e+02
-2.049935782458927491e+01
1.668410539855247180e+03
3.097662468913739531e+02
2.577644019564756945e+02
9.158574607010671116e+02
5.795986332212916750e+04
2.016200169654635374e+03
2.071202252069458609e+03
3.460571774689744302e+02
6.757866537999419734e+02
3.878247879193774565e+02
6.358616775036049376e+02
2.197627137230237167e+03
-2.196804598712994050e+02
2.832147377978527857e+03
4.339348762562119646e+02
3.282248544439644775e+03
3.610590792128786575e+01
-2.356571516598750975e+02
1.108241146802904723e+03
5.663854991745265579e+02
1.766951094103595096e+03
2.162314936311497036e+02
2.970948659965937821e+01
2.626824053514156185e+04
2.456827601277827398e+03
2.554790698753650702e+02
2.662712089323265900e+03
1.189004600925328077e+03
7.572116236558733249e+01
2.143916345016766627e+03
7.179168462376325124e+02
1.052721745065738787e+03
-1.012648832166371804e+01
-3.183709881108316964e+01
-9.329499164989130122e+01
1.243906692530194277e+03
-2.229808836874974887e+01
4.392275540960537796e+02
7.257973855263177256e+02
9.846293053369049630e+02
1.438315942366357376e+04
2.787801080272026866e+02
9.860118599295312833e+02
5.314984569732280306e+02
-9.082830967006877927e+02
2.902812802343081785e+03
-3.892541253713756305e+03
5.331472350643094842e+02
3.483802023570185611e+03
2.504115824887654526e+04
8.375593116895888102e+01
1.195259802763293237e+03
5.439080272933146625e+04
5.493383717641246449e+02
7.841072973409733322e+02
-3.436112649476160641e+01
-1.974481555196704718e+01
4.609704331471082696e+03
-1.169760433897181656e+03
5.742061865812685937e+03
5.647443823301644443e+03
2.419561884570262464e+03
-1.493994600564593211e+00
5.595030620435906712e+03
3.180020332609345601e+01
3.303359090489016126e+02
-1.303860912541614425e+02
7.859248026587434879e+02
-7.466891156193693178e+02
2.873634300193467789e+04
1.028522822070702205e+03
1.655036614202740566e+03
9.111736451827405290e+02
4.154777309357176819e+03
2.095632243329405142e+01
4.336351197752628650e+03
1.069312902373881798e+03
9.220902848790464645e+01
1.920171044598092067e+03
1.181952884919596499e+03
2.171030123005029822e+01
2.452846789661296498e+03
1.504257863175852435e+03
2.060430894366202210e+03
-2.112683751942576578e+02
4.872026532060889394e+02
8.000197213434228161e+02
1.497946727578016180e+03
1.376660332164645661e+04
2.791208361910719873e+02
2.736196286494529772e+02
2.393502898660744904e+03
5.879827187235692691e+03
1.801732541812170041e+02
1.409092523530271137e+03
5.833117928086873860e+01
4.235613503797983867e+03
6.543302740323326816e+02
1.576430508390024272e+02
-5.373579852253121771e+02
7.039067982536825184e+03
2.434004573309557315e+02
5.102397512019868486e+02
-1.158547047399569010e+03
2.447878909594406025e+02
1.083630476193375443e+03
-3.436126491606785862e+02
6.686826529496318017e+02
1.503075429015904092e+03
1.908850848607434614e+02
6.072382299586665795e+03
1.765385542857670842e+01
3.655153053767553956e+03
4.050254901715929634e+01
5.788984548497993273e+03
3.547305345307115931e+04
2.679236413868479190e+02
2.027554380011526064e+03
8.998180500542456457e+02
3.479818455458125754e+02
-5.705656496626922802e+01
8.294797795867133345e+02
6.936735569206599621e+02
-4.025091105040325345e+01
3.915902165447965331e+02
5.393531041469085494e+02
1.597450028329710676e+02
-1.328306107553273208e+01
3.443199639956431497e+02
6.435220267431002139e+04
5.281685741226916662e+02
9.798248083892217437e+02
7.829947593944383755e+01
1.494862347097996235e+03
8.860477318243200671e+02
2.224890155063598627e+02
4.041135509635808376e+03
5.896571129188398572e+02
4.105194086887823687e+03
7.523902440200446335e+02
8.089249688489995833e+02
2.149774668477601267e+02
1.362262465288479689e+03
6.301943889858434886e+03
1.556846664178290894e+03
5.432541726875125505e+02
7.571084720604512768e+02
9.860573496871627697e+01
6.541851255368906095e+02
1.015472969989623948e+02
2.756228283375349747e+03
6.465461891179121494e+02
5.172383754170017482e+02
3.863749364925690315e+03
8.422242614729829029e+02
5.826290968994846480e+03
5.616830139204031184e+03
1.008655860742385244e+03
2.122684603744208289e+03
2.160018404474990348e+03
4.668403491719831777e+02
-1.830342917571579733e+02
6.497268241122144445e+02
1.636065734182532879e+03
-6.263334200949628894e+02
1.302910830431505360e+02
7.998795705204829574e+02
3.969086266414121383e+03
9.805396279785267097e+02
4.707750776951850753e+02
7.520151224769208511e+02
2.509103298280771924e+03
3.577713725306375272e+04
2.871174155445082215e+04
1.099437978250906417e+04
2.926232792400284097e+02
4.884674911143958411e+02
8.326685249544780163e+02
1.966564029414942922e+02
7.811778020946170500e+02
6.565047898775415888e+03
4.028277748013750852e+02
3.708212596102553107e+02
3.385433796431053111e+02
1.943904489136251414e+03
1.314419221033396525e+03
5.169302421296031389e+04
9.251207229345359906e+01
6.023955354742421378e+02
8.220097587216043848e+02
1.629375736174910116e+02
1.168127543863009123e+03
1.291991145896359194e+04
1.606847918925154772e+02
1.162629439062932164e+02
2.653856829720892847e+02
9.273613687967672092e+01
2.702947757631425247e+02
1.584995634700150731e+03
2.332247299191384826e+01
2.702004555999118907e+02
2.225965583826537681e+02
2.903630336971218640e+02
1.329026344983131480e+02
4.603258229041372942e+03
8.905453912807794040e+03
3.521942350739537687e+03
4.004863869533570778e+03
9.488620518951656777e+02
2.423986859489751623e+03
3.695008119518631133e+02
2.835078133981103861e+02
6.643504298120908061e+03
2.199835419852286975e+02
9.353964491872920917e+02
1.203012581658137066e+02
1.555978229586240786e+03
1.248298381749110035e+02
1.393381607034925219e+04
1.694889486610820768e+03
1.500912951093743004e+02
3.411924904547753385e+02
4.697496530355373920e+02
3.196777839482774084e+02
6.248817038642867416e+00
4.999445042093747361e+03
2.032759697940828346e+03
-1.964159084907960960e+03
1.409558212297133423e+03
1.093618900506045748e+03
7.870152483135282750e+01
1.844513451297764561e+02
5.961150812676742134e+02
2.993220152758102813e+03
3.514578474117521182e+03
1.230263141448699116e+03
2.283915861424555089e+02
3.552252069451964758e+02
2.490563670562310563e+03
6.359673581616164029e+02
1.381713801477106472e+03
3.925713455930045370e+02
-2.684627705541365117e+01
1.364981798576515530e+03
5.168417231483537932e+01
-2.230363802489916125e+01
6.247744890868650600e+02
4.545143476784946870e+02
3.094951591330507199e+02
-2.479889140809089895e+03
1.297201025648905215e+03
2.205241521415583065e+03
4.786221049247329233e+02
5.121386036451012842e+02
1.148179740250648365e+03
5.087976964635481636e+02
1.014492625927174686e+03
5.979662374414622263e+02
1.097104564273083497e+03
8.003181347240154082e+02
-4.692419421869483358e+02
5.917323265268013301e+02
7.573853786184546379e+02
3.239374630996639553e+03
2.552448951650421520e+02
-9.996076560286325048e+02
4.586319926331714669e+03
1.503747094333948553e+03
1.188088278578772588e+03
7.527170283841930996e+02
1.005052630357719295e+03
1.273765286775330424e+03
3.957196777174699491e+02
3.112241536617995280e+03
2.319736429314894508e+02
5.381734005296302712e+02
2.390802337765563607e+03
-9.826339062775094817e+02
2.664798601333779402e+02
1.608454418794060814e+02
1.942957734039815932e+03
8.452674165763091878e+03
1.885137286706079976e+03
3.926131386093833271e+02
7.295323548369594846e+01
1.427493246105238143e+02
9.955802880989684127e+03
3.247652062262106938e+02
1.110787932020255539e+03
7.331044235501436788e+02
2.584862986259918785e+02
3.998535740878811566e+02
4.491658323028959567e+05
6.734720380801832107e+03
1.638378956533718110e+03
1.776296797593891824e+03
2.040873285202135594e+04
8.900798257781231086e+02
1.283281193933670011e+03
8.184682903946755061e+01
1.957482658203568235e+03
1.871512774768197232e+03
4.568822163419473270e+01
2.086640143428727754e+02
3.095969528679690370e+02
1.769079837170202836e+03
3.608637589412043098e+02
1.722017960342577908e+03
7.781675736234855094e+02
1.112107709292773734e+03
9.284740642909869166e+02
7.091907605595381028e+03
2.042052434379178749e+03
2.104916101838062332e+03
-8.606760105848137243e+01
2.719305861069798084e+03
1.837193611290707054e+02
-1.282780454049874379e+03
5.674609946113521346e+02
1.147815477631414296e+03
2.139432904599016638e+03
1.281374730942577344e+03
8.802885942895845801e+03
2.019809975960673000e+03
8.023479808139782108e+02
1.113098550278491388e+02
6.384903439029873198e+02
3.670115686601236575e+02
5.076155955638790260e+02
6.721737696470763979e+01
2.561195417307069988e+02
-4.923039013648676132e+02
4.677340662045729005e+03
-5.866431257657380627e+01
4.649056478389189238e+02
-1.265302846691647431e+01
9.287017799677774974e+02
3.740441625698310872e+02
3.907624820681172082e+02
4.717026030886978333e+03
3.858897574095798518e+03
-1.592553507857742900e+01
6.253926210561242442e+03
4.275061497882345975e+03
3.421104359191873527e+02
2.338274750480218427e+04
3.200636834995882509e+02
2.709809686664535207e+02
3.782263269223874431e+03
8.067905521060562023e+03
6.138397277446280214e+02
1.105760950604692198e+03
-1.793218891779881474e+01
5.813927250574892014e+02
2.636485376676940291e+02
4.691122101123730317e+03
1.136699514155474390e+04
2.176875863554841146e+02
9.379259802225323028e+02
3.606610768643986376e+03
-3.188086848193672267e+03
8.607099141328598080e+01
-2.502504422919426119e+01
3.302725816181918162e+03
1.043486927183318585e+03
1.451286964183966120e+03
2.898463728380978409e+03
-2.970545133768138157e+02
2.477251485344341688e+02
1.680820759282138397e+03
1.836144338442494018e+03
3.185639112000167188e+02
9.860912049821350820e+02
-3.155979169412143506e+02
3.587827243876909620e+02
1.266934617812569059e+03
1.446882676950095856e+02
3.552624444055237745e+03
2.645713683411890429e+02
1.239084369280767817e+02
2.532779650105829205e+03
4.297743529737386780e+03
9.460655478537351883e+03
1.136654171139968241e+02
1.095313230148540242e+03
9.115730937457554319e+03
1.276563652084058958e+03
1.294119630239646767e+03
-5.954561703699971531e+01
4.721598969362354183e+03
5.378214963552900372e+02
3.074434894769275957e+02
1.646516310004407387e+03
1.855000560241526557e+02
1.890814535761192701e+03
2.029133468961547578e+03
8.817211116188903475e+01
2.750163643495817496e+02
8.143041672609926991e+02
2.376809199808264168e+02
1.610836324297785723e+03
9.113614804821104372e+02
1.544062824843360659e+03
7.894826050896529068e+02
3.415515143768905659e+02
1.721789626217073135e+02
6.010442348812838986e+01
9.800130899798228711e+03
1.415569270097628305e+02
-1.899657702063709337e+02
4.299270151313619976e+02
2.145259829704724325e+03
6.732064920846993346e+02
1.108336829682233144e+02
1.304789342317058072e+04
5.152852447484110598e+02
2.553100054760592457e+02
1.121226437945721955e+03
3.313879646275144069e+02
5.141425200042721372e+03
3.208342384968331658e+02
-2.298423417308347183e+01
1.852556507314964620e+03
5.588802658864769910e+02
1.694572695369260600e+03
3.891841963497596453e+02
-4.104741393030043639e+01
5.042067337433933972e+03
1.500053171212906591e+03
1.857789847498877862e+04
-3.836056392448256247e+01
1.069217746473598481e+03
8.723501717066438914e+02
1.684264279133533819e+03
3.697441004995476760e+03
3.699670187826641722e+03
7.419524815959573516e+01
3.928694311796165948e+03
3.220393169095767121e+02
5.881719396873771984e+03
1.702429639796924221e+03
3.185272698086973264e+02
5.518631817425792178e+03
1.627524138722368150e+02
8.476007104496709417e+02
3.618540025946587321e+03
5.985413263370343202e+02
1.446210932002325080e+03
1.732754046415319138e+01
7.427302793043579641e+02
5.290592963346124407e+02
2.983929726502636299e+02
4.078098241664461511e+03
3.637218433843898424e+02
1.448344475167535165e+03
-2.788843731551561973e+02
4.093546205803788325e+03
4.062963269775548270e+03
3.872676424951065655e+03
-1.829806019995426070e+01
9.604401381526795944e+01
9.919906713659268007e+02
1.347533823278436103e+03
3.992242228505268145e+02
1.440993164954640088e+04
1.060823907095701315e+03
1.306505035404666728e+02
3.176791961160076312e+02
1.722553747166647042e+02
1.303570373694180853e+04
3.237229832032684953e+03
9.508522719351514070e+02
3.189528069204194253e+03
1.767427518312174470e+02
1.976525323402028675e+02
1.103618399612704252e+03
1.130965796206897238e+02
1.686575683277278586e+03
-8.536273555578004846e+01
-5.622875599170690464e+01
-6.372929303500789899e+01
-1.650322556142364647e+03
1.433991498165755274e+03
4.147621750813245853e+03
6.877129273078761571e+02
6.213087324749226354e+02
2.067467569066826400e+04
4.602973804416135977e+02
4.533295016991070270e+02
1.252593562321354875e+04
3.981078229099328382e+03
2.776253721846406393e+02
7.486474944462145231e+02
1.895594007959962255e+03
7.618908817762464878e+02
7.432385319759953290e+01
1.322980596706521283e+03
6.054505173461449886e+03
2.126387021962422750e+03
2.354459004798141848e+02
2.331352948669228681e+03
4.981525048599235561e+03
3.256813621079023733e+02
1.296206382730250334e+04
1.807726182392985038e+03
6.132222044161336498e+02
-2.316927779473013231e+02
1.792525530969257261e+03
5.997307649714915669e+02
-8.908083981676062990e+01
2.009615822315399555e+03
1.777236494837380931e+01
-1.483270952693511902e+02
-1.206629823048840535e+02
2.607831465209017551e+03
-5.453670815124003202e-01
4.816866516383082342e+01
9.746506734592996679e+01
2.406390170015770309e+03
4.139631762714137949e+03
3.000416411412435991e+03
3.053343812648757648e+03
1.485972424430123283e+03
1.505702884822803753e+03
3.418042885338954875e+03
9.103191603418173372e+02
2.256934847141070009e+02
1.528240465852213219e+03
6.423948008209501495e+03
2.860868526495392530e+02
3.908196401765293103e+03
7.672613582061590023e+03
4.053887470191220359e+02
5.755876513538920562e+02
2.950609482886037540e+02
1.361370109782043983e+03
2.182827383925158301e+03
-2.817077746089371999e+02
3.572137359411962279e+03
2.425120130318960582e+04
3.034260185562829975e+02
5.439080272933146625e+04
3.742958067910893760e+02
3.384880917947127273e+03
4.815275536370271766e+03
2.257152736849107441e+03
4.017126881737506665e+03
8.169745714468576807e+02
4.644608342921854273e+03
2.965127904678111918e+03
-1.227759299336512289e+00
7.816828416509188173e+02
1.565804582443072604e+03
3.571440697449963295e+02
1.346332954191575027e+03
5.009085018750522977e+03
6.006804313940398288e+02
6.705179952547060566e+03
1.922954630963653244e+01
1.789801886707228050e+03
1.361093247829235509e+02
1.997181584831386999e+03
3.755625265180232418e+03
-3.848650744126850043e+00
3.336154354939610130e+03
1.842130507494394351e+03
6.438704394022656743e+02
6.050951334530997201e+02
-1.290738925429992179e+01
1.537873558092025178e+03
7.240790351940355549e+02
3.414103662454419350e+02
3.856951954067508268e+02
1.705515824259460089e+02
3.337506247296114452e+02
1.422137427919172751e+03
7.241962648832511150e+03
9.807825519375596741e+02
5.803842579792115430e+04
1.199420375463239907e+03
2.588043907143950037e+03
-1.214281009350309887e+03
1.427707013987731216e+03
9.127466568591840996e+02
1.250088317412124979e+03
6.287998121392206485e+02
-6.145356550541212215e-01
2.860854804204907609e+01
2.415162494631149741e+02
4.988836486695325334e+02
2.583966446774757969e+03
4.761621248961994723e+01
1.251731574208771008e+03
5.163604056601056072e+03
5.121657113247777033e+02
2.570975293893510297e+03
3.313378494008774737e+02
-1.625305981188236260e+01
3.798303947660566138e+01
3.055947329903040099e+02
4.304890281748975553e+02
3.244255094213621851e+04
1.957403501739950684e+02
1.105466570553084921e+03
2.021331421450871858e+03
3.887729644378455873e+02
1.062671562939580781e+03
2.474064585872366990e+02
4.166707880668723760e+02
1.936399517796357657e+02
6.254949473064380982e+03
-4.587258637709288450e+03
1.176790181510265484e+03
-2.264250403812856638e-01
2.085938533150316800e+02
9.318698979787295684e+02
4.273052074547352959e+02
1.504563648441817918e+02
6.185476075890917400e+02
1.460686058133783627e+04
5.238438438265330478e+04
5.606559993564874276e+02
9.002022132197117799e+02
1.510529461343186313e+03
1.214938950821742083e+03
4.639596545268824229e+03
1.163248465862157536e+04
-2.116828827791998719e+03
1.665623884614228700e+03
1.421392713086777576e+03
1.084824911442245110e+02
-6.052317426173182469e+01
3.693955010060253130e+02
1.032749262066412030e+03
9.714583410627803062e+01
1.698796610583924007e+02
3.136828050167218862e+03
7.654241853586168872e+03
1.207747384381062261e+01
9.383938051977364694e+02
1.686561572945603302e+02
3.552173203723167262e+03
2.004521312577948891e+02
4.715829125197305075e+03
5.480432974287284014e+04
4.627572987407708752e+03
1.217177003621622134e+03
4.871393829517353879e+03
8.748333779254937781e+02
1.182541183126904116e+03
6.329956098276014131e+01
1.613740595065449043e+03
2.892992468086549252e+03
1.452466604769628475e+03
2.238778733712825215e+03
2.149939905053000075e+03
2.527435555861345051e+01
-1.964016109890066843e+02
-3.601314462510873000e+03
6.905310963939311478e+03
3.127707398777551134e+03
3.329112601082464153e+03
4.875337330625184222e+02
1.328483853327278666e+03
4.129362159203829492e+02
1.550960658107382812e+02
2.227142107810073242e+02
-3.474608782779962439e+02
4.658197852331530271e+02
1.188368468499255187e+03
4.845880067360597110e+01
6.063386008488165317e+03
1.161125466334989369e+03
1.251583691385568727e+03
3.763071200177071773e+02
5.600154635591798979e+03
1.329625704572456016e+04
7.811685114847159639e+01
1.642873446656111046e+05
1.031530985187418764e+03
4.026700026433908874e+02
2.416629990394228116e+03
6.806320413307511217e+02
4.814092207359792042e+02
4.414078766289392775e+01
1.378284488862435410e+03
1.824761250431036842e+03
1.484147965308582968e+02
1.501311767869534322e+02
6.260247162414796094e+02
1.969982888858873821e+03
7.568377378848398394e+02
6.528050405293637368e+02
9.328640989207460734e+02
1.677221387445477376e+03
2.395562951376092826e+02
3.194870660770043358e+01
1.824909286007381581e+02
1.232891458538063489e+03
8.974991109229594031e+02
3.913672962722384455e+03
1.049280901829450386e+03
4.451604794048520830e+02
-8.908236634813361832e+01
1.099572342569461398e+03
1.189230361341248909e+03
3.136430024702263495e+02
3.153408668161164314e+02
1.459165338145497230e+02
1.503057007679618664e+03
4.110556466081067128e+01
9.699686154322856737e+02
1.302179772765270172e+03
4.439282321162337439e+02
7.637888202169434408e+03
1.134386707579398035e+03
9.970048469203228478e+02
1.745520722078971971e+02
1.219595569691793798e+03
7.226962401504849367e+03
1.925704227114343439e+03
5.909177071901178806e+02
4.915769732295984795e+03
1.941582157311046331e+02
2.200256294314947354e+02
2.485869261825004628e+02
2.171675867492989198e+02
1.408157403095010750e+03
2.135381057393011588e+02
8.267617333016781913e+02
3.833690136652557356e+01
-5.567875628153087746e+02
5.800626650050782018e+02
1.552727420901923779e+03
8.748329892949877831e+03
5.439456729747893405e+04
3.869064874917677344e+02
4.825412102665937709e+03
9.103942800317857973e+02
2.794562737802500578e+03
7.930234940867362639e+02
1.976277425065421539e+03
2.162494932027781047e+01
-2.156909604346541087e+01
1.200882287809995432e+03
1.301876100081430741e+04
9.373651166162305799e+02
3.020964117184712450e+03
6.928047083250982041e+02
2.652157022921029466e+02
-3.761994354550079578e+01
1.132515503354200746e+03
2.765052877180804899e+03
4.554208467983947230e+03
5.980487210455815017e+01
3.919662115613720289e+03
1.655923286011719711e+03
2.974404779284356664e+03
3.190589554424209950e+02
7.190625669539412002e+02
5.079785709962417286e+02
5.922553435253166754e+03
2.749253504153692120e+03
5.026140730580947093e+03
6.268229071167872462e+03
6.581603368501548346e+01
1.818734589627194396e+02
1.942806472868004164e+02
5.777860453282930393e+04
4.112466068545570579e+02
1.805649677433832949e+03
1.833958020135850575e+03
6.046181709855279678e+02
1.799680307658371703e+02
3.796788000275775630e+03
8.785471057260002681e+01
1.839182076410064042e+02
3.504979575086288150e+02
1.546525726113848407e+02
9.315876517582413726e+03
3.088323446200599392e+03
9.819753685094268576e+02
1.752187240540468167e+02
2.119263177926982422e+01
1.262714892951724551e+03
2.805574215701374669e+03
1.757433979055204816e+02
1.169727741534028610e+03
1.140635189279325095e+04
1.019345401652988585e+03
2.277715146360784274e+03
8.525256722997499310e+03
1.759346067361900907e+02
1.063830589632598276e+03
5.586350300336305736e+03
3.979707639550348404e+02
3.961198280692658955e+03
2.371200118169795587e+03
2.150590009959126405e+02
2.274183271210264138e+03
1.755720235547637003e+03
1.422300483986498421e+03
2.994801656401610671e+03
1.785347879925953976e+02
9.532594152029122370e+02
1.167362197410812541e+03
1.103754196792025596e+03
5.244140458210091538e+02
4.105604862529200432e+02
1.521770165564662420e+03
2.804039713800052169e+01
1.613109861425983809e+03
-9.743996584885492496e+01
1.741178021266234282e+03
-3.392500716455440397e+02
2.776447667151137011e+03
5.554349059548208970e+03
4.065637434594020192e+02
-8.657196478986300292e+01
1.301067204027316677e+02
6.850663054356517705e+02
8.014303662527649976e+03
-3.271713149155307292e+03
1.627826321063327214e+03
-4.743321789037167946e+01
-1.506272570940445803e+02
-3.467345205109789390e+02
1.763565135148655145e+03
2.385243313904080787e+04
1.511755396543378538e+02
1.591981711364595640e+03
1.371266385888249033e+03
5.611629287386402893e+02
1.292797657231547532e+02
8.020129656886257408e+02
6.897369704133968753e+02
1.405736798156858640e+02
4.491658323028959567e+05
4.514267500472021766e+02
1.868659114235585093e+03
-1.801660924762601041e+02
1.364955889402682942e+03
9.208155153132402120e+02
5.920503278734779087e+03
3.609203533467261593e+01
3.226571768068389474e+02
1.202411516824228556e+03
1.848239290465292288e+04
3.844733950297830916e+02
3.056767138920471325e+02
2.581674859357569858e+03
1.570972141903887405e+03
1.520481695796347310e+02
1.118774696738549892e+03
8.401600150517934935e+02
7.142571767927655912e+01
3.336173226273247678e+02
7.046723210334820351e+02
8.377399917245075756e+01
3.696840966286347339e+02
1.910904654743883100e+02
3.050807684797816250e+02
1.819925977201515025e+03
-2.744661770901745399e+02
1.130582024185841732e+02
9.946588809351655414e+01
2.707127895470933254e+03
4.806686254028127792e+02
3.200519653821507745e+03
2.904526349485530545e+02
6.922545929343447142e+02
4.028967223925758153e+05
5.247943580137854269e+01
7.650309152326067874e+01
2.572399289051460983e+03
7.662321564362447134e+03
-4.361533487811404797e+01
7.070591522857201198e+03
-3.669642828690797387e+02
3.892773386425220110e+02
7.642968800555798907e+02
2.645364929584298807e+03
3.342485173569201606e+02
4.721216623570177035e+03
2.085399229929009834e+02
3.937458910211856846e+02
2.326781099661948701e+03
4.859066877269711426e+02
4.425325982216500961e+03
1.975784361710767189e+04
1.811238213619832777e+03
-1.272699798149965034e+02
2.987771681093117877e+02
2.851741023028302990e+01
6.794085182862302645e+03
-1.890682868444756082e+02
1.018114981778814752e+02
3.623042453030296747e+04
2.039916948095147018e+04
2.699869505138565842e+02
2.491771963778197687e+02
7.810345016050101776e+02
2.882287852190077501e+03
6.087852057774765626e+02
3.975720619021366815e+02
2.426620210821274213e+03
2.348305307320406428e+03
5.288649374107706791e+01
2.420730512119859668e+03
7.953184404878006717e+02
5.663565892419799184e+02
1.583820462687308179e+02
3.696955865638240539e+03
6.204854170106012816e+02
1.162346571165804562e+03
1.483462827897766147e+03
1.012002603136989478e+03
1.335871570726397749e+03
5.532323745493083607e+02
9.166451970628770141e+03
2.807843479119745780e+02
3.741530203437036448e+02
5.597158021158192014e+02
1.181064570267231375e+03
1.784843879884072066e+03
9.843289213648633904e+02
4.829139436857402870e+03
2.977080203601476569e+02
8.905813389536269824e+02
-1.135815259224927303e+02
6.873909289307925974e+03
6.312533537797429744e+03
1.236626051748906684e+04
2.231585957230146633e+01
6.554068086371412392e+02
1.122847618830261354e+03
9.172857104205928636e+02
1.019708875951251116e+03
-1.133682048804168517e+03
1.500958938088989044e+03
-6.073125307507835302e+00
-3.732630927987942471e+01
2.360155039104922992e+02
8.239236593676560005e+03
7.239733882636115823e+02
7.496612198504480773e+01
3.694895586168817658e+02
7.438785690276163223e+02
3.191406359682952461e+04
5.304803761116440910e+02
5.848402631775574037e+02
4.288769809111952895e+02
-3.850950152012219974e+02
1.183983962614292068e+04
1.590760217798080475e+03
2.984822376294130919e+01
2.462960831103043802e+03
1.725774161242982018e+03
2.670383487870493263e+04
4.086297338680880387e+01
1.539254704398392278e+03
3.966099694288135993e+02
4.018725604270803160e+03
3.697959181051694941e+03
1.322190645880931470e+03
-1.034018259812092424e+02
2.225959500754629232e+02
6.998577671696243563e+00
1.227862885392610906e+03
1.305134987427205260e+03
3.286554322768835164e+02
1.504576032255028849e+03
2.854433823110040862e+02
1.210742910496726523e+02
1.527461745157628457e+02
7.952124022977402547e+02
1.073061662480375389e+03
3.621697244849329309e+03
8.067483689673991876e+01
2.825399723488113068e+03
2.060435516768095567e+03
1.999875189355035729e+02
1.975133752727221236e+03
3.174704039087470846e+03
5.103604941504866588e+02
1.546245034368824236e+03
2.306500603156820546e+02
2.451067044797139715e+03
4.227718682538284156e+02
6.666369182410751364e+02
4.237671576757787193e+02
1.247471289625359168e+04
7.313193942821123983e+02
4.319271077332155073e+02
9.711520409713455138e+02
3.894583162362068833e+02
-8.327441802672417452e+02
4.017638273117893846e+02
-5.615100116589089794e+02
1.245044095153293028e+03
6.582700851272335285e+02
1.819837562623393978e+02
3.875118608337837145e+02
-3.622186837717728736e+01
1.106319701852595244e+03
1.034445357132710797e+03
2.616410801575527785e+03
2.457889186967713044e+02
-1.257828997208665214e+03
6.043316775052178791e+00
3.503423400573305457e+02
1.694155110657363252e+02
1.606494684481341892e+03
4.448763591645861197e+02
3.357380990812824280e+02
1.273042261087222414e+03
1.872152988495305408e+03
7.670191050813875790e+02
1.411624082887170459e+02
4.489314334974611143e+02
7.700304569236002408e+02
3.219102700798935530e+03
9.260063991191221078e+01
-1.167300973230783114e+02
-9.280089760523424047e+00
-4.261315030845167939e+00
4.578603776460870449e+02
2.018413714526679996e+02
2.461695423647691428e+02
-1.650132903394644381e+04
2.721668719458784267e+02
3.378634977120191820e+02
7.431509720362981170e+03
2.434227681913745982e+03
2.250490792917304134e+03
3.432957490327783489e+03
3.194645729899914386e+02
4.399933819321832971e+02
3.672276327502090112e+02
2.644012860766525250e+02
-3.071847374717218372e+03
4.601304199232574774e+02
1.316860315465439044e+03
1.620586774038334988e+04
4.271896406815185401e+02
7.839865942083458776e+02
1.078390517559726959e+03
3.432995004428308334e+02
1.299081895557731968e+03
2.394944066511372966e+02
3.898019271153302725e+03
2.286766671069570691e+02
1.180400943500216954e+03
1.646868578048644995e+05
-3.653783314834547014e+02
1.324418900110990990e+03
6.312245668486510795e+02
1.043748299654675122e+02
8.294174246022103034e+02
1.024307672491410358e+03
6.835996000981322140e+03
-9.163685579056927821e+00
2.453297654934731611e+02
5.501598776189692899e+02
1.212445001771961415e+03
3.884000993310881995e+02
-9.158557053147914928e+01
6.736870566856529877e+03
5.462790501001619532e+02
1.318537776256739562e+04
2.040153434903990956e+03
1.427707013987731216e+03
3.635078709880220345e+02
4.177345778970810352e+04
1.502366903576787627e+04
1.095006332207145050e+02
-7.580218561797776147e+02
8.956597112683451769e+02
2.062235202897869385e+03
1.047518253682955276e+02
9.326073430057140285e+02
1.082696940983970961e+02
8.772220005161715051e+01
6.124089957945315291e+03
7.966539088220011990e+02
3.524737164257744553e+02
1.475571762439690247e+03
-9.095897224763157851e+01
1.009733551669776534e+04
3.534377883117558213e+03
4.323848326952982575e+02
1.333500374791903369e+03
3.290519648585086088e+03
8.119672989775982387e+03
-1.180720627064644646e+01
3.250513303624992204e+03
3.855240990973879889e+03
3.715900752236448898e+04
2.531395283527267566e+03
2.075036230223144685e+03
4.522617157834644672e+02
2.172227237956078909e+02
6.565799146893553484e+01
3.488920904734076771e+02
3.411147232205314594e+03
1.682010339725188715e+03
1.142109973766873736e+03
1.031181290534570053e+03
6.249031320265112299e+03
-3.616526192869323530e+00
-2.072811355725092653e+03
1.025434238188857307e+03
2.768759545857332796e+03
1.423070121806118777e+03
-1.553750562425560133e+02
2.970889879435740568e+03
1.889800343072048690e+03
5.673542012893916535e+02
1.783301276898384003e+03
5.560343791072476733e+02
1.862905664054160297e+03
7.714622355329318282e+01
4.969230305534584886e+02
2.424645765071153392e+02
-1.321472538831636712e+03
4.423528937380572643e+03
1.400284354550101125e+04
2.437434056399732981e+03
3.533177660362614461e+03
1.153929555265241902e+01
2.209829610327857154e+03
7.035355532647969312e+02
4.028967223925758153e+05
1.306205458075931574e+03
1.166233605912409303e+03
7.861899492050622939e+03
2.145871927204014185e+02
2.426968513496180549e+03
2.373742673132578886e+02
6.092896167364480107e+02
1.652079084529261672e+04
1.344810106525520496e+03
9.963431915727124277e+00
2.726174540714867476e+02
8.535147697263716964e+02
1.102449951323195137e+03
5.568042320130783992e+03
3.240824658764535684e+02
1.519625366551629213e+03
4.842784600694688493e+02
1.379451968063632421e+03
1.482824632017572526e+02
1.212987053754608269e+03
8.985377990310134066e+01
3.187696339193086033e+02
1.325960581047387222e+03
2.159580622534131749e+02
2.214968791353255256e+03
1.503177519461169425e+02
9.912134263645730243e+03
1.173056090605796044e+03
6.989549402610086304e+01
2.971058163037829218e+03
5.719453609826130105e+02
-6.738120230369095509e+01
1.419199517278798339e+03
-2.150147499933995832e+01
5.402400327877394375e+02
2.810847010671166117e+03
4.211926217223746960e+01
3.221034523075778634e+04
5.469967453530092462e+04
1.264696839949376044e+04
7.283754831301168053e+01
1.252666798338179177e+02
5.987854857548647942e+02
1.587365340669542547e+03
1.290747658567560620e+03
8.300802671028667419e+02
7.318582675575872827e+02
2.517730363284160831e+03
5.485640209947370749e+03
5.990844283082110451e+03
3.581630601683444297e+02
1.280416618195448564e+03
-2.375935438810425069e+02
3.741517023954731940e+02
3.208687576236887935e+02
1.584282609076609560e+02
5.496648791244148242e+02
1.920428296008719258e+02
1.917904114868639681e+03
1.971871514105412473e+02
8.832636255929892286e+02
-1.379751997916068262e+02
7.890823800727549724e+02
-8.828775919297754626e+02
1.383154666445847215e+04
2.084859707222142606e+04
-5.632972097910271714e+02
2.317206938639812506e+03
1.109797179437722207e+03
2.263550917522305099e+04
8.132167335939647273e+03
9.163168143161037733e+02
1.038013469392260731e+03
2.967221289705807408e+02
5.962983657630363723e+02
1.725913376832611164e+02
1.053240512305735820e+03
3.841503044598441647e+02
3.203035907439954713e+02
5.004888377830433228e+02
-6.259302235115340807e+01
1.758088302615896964e+03
1.082456961930476780e+02
1.045499789254474308e+04
7.508556900294117895e+02
-1.330072568407257734e+02
7.650862308805212706e+02
2.170106474244273613e+03
7.878766022592932927e+01
2.465880313878916422e+04
3.221733806200612094e+02
2.953713064653547917e+02
8.685503549686198994e+02
2.911469299797642520e+02
7.366417068755642958e+02
4.316593958395598634e+02
6.241898858138657715e+02
1.088851969282516166e+02
2.416519558816514291e+03
1.110102737199475484e+02
6.257033234837368809e+02
1.669458079926067512e+04
1.314753654797893432e+03
6.063632291433287946e+02
8.152289738116758144e+01
1.557848196195588173e+02
1.992913520169804542e+02
-1.213451682207879230e+03
-2.465038532277947780e+01
-1.351422682757325902e+03
4.156768865334584575e+02
4.230907195003208471e+03
2.879599677352108756e+03
4.095466581285586471e+03
4.766384373892425174e+03
1.221898356592936580e+04
1.023258646147969664e+01
1.075380621769085792e+03
1.497442734489148961e+03
5.787386690906414515e+03
2.527655255935565492e+03
-3.541352270066543895e+01
4.321697866096142207e+03
1.249905570168493796e+03
1.678168098457966835e+03
1.768054562647159628e+03
1.128379626138669209e+03
8.209705778657205428e+02
1.498663592672773575e+03
3.803264771289724195e+03
1.381549656205804695e+02
2.259619617580326576e+03
-9.385013084330771562e+02
1.048598915895878321e+02
1.962351172251745481e+02
3.221034523075778634e+04
-1.684734256871134335e+02
2.729363396834035598e+02
1.904921424545202910e+02
7.634051566292916959e+02
-1.937113209149372324e+03
1.728613394546388236e+03
3.961198280692658955e+03
-1.946691480520402820e+03
2.391710285459547549e+02
9.936274711789233152e+02
-3.299563411125490830e+01
1.271014494124720613e+03
9.660208328468316950e+02
4.649556946367662931e+03
1.251080743837089130e+03
6.933189556510488956e+02
6.266114186727746755e+02
3.035129067181644587e+03
9.849477820202271687e+03
1.681317151222901521e+04
1.050619946161571761e+03
4.159016195424080706e+02
2.003140930459908304e+03
7.648505982957104834e+02
7.698535026038142632e+02
1.348549315898231907e+04
8.614256063158838970e+02
2.659602221514348912e+02
2.022039573451701528e+02
4.563209173320912271e+01
6.853027468380651044e+02
-4.366165316013376696e+02
3.983830526177008778e+03
1.280942196627644023e+02
3.762343095824305692e+02
-2.785034700247194337e+02
2.838636466122131678e+05
5.140391118796756928e+03
1.935510915284452039e+03
1.702622156495716865e+02
7.011065578317734435e+02
6.024091457194346049e+02
9.801617270319251247e+02
-1.844561472065716146e+02
4.138271610061975139e+02
4.490345194805166216e+02
1.499823487251423558e+03
3.241898651242836991e+02
9.765751049831139596e+01
1.379094261280527462e+03
4.443473727352773494e+03
1.028358972140339915e+02
3.275717205035899042e+03
6.752286818447274754e+02
3.949635358213122345e+03
2.117020814310601793e+02
-3.574338818499895751e+02
1.502435463284836601e+02
2.880912407146616897e+04
3.128937591171539907e+02
-4.224535894694028002e+02
5.323756610149544940e+03
3.101078740511393335e+02
1.250952950619684998e+03
1.537233863525045763e+03
8.584658432389966265e+02
4.546367112142830820e+02
3.716690694351194111e+02
-2.342620839361806702e+03
2.178275948707340035e+02
8.696852409326683642e+01
1.053314496050364369e+03
1.780709484802236602e+03
1.437206259677086928e+04
5.406631172056877404e+02
1.437140048313030775e+03
1.075986423072744219e+04
4.610000716575967772e+02
6.719239787548517597e+02
2.228240513135866081e+02
5.520022254723940023e+02
7.037641342181245818e+01
-1.882721766126479235e+00
7.127336738126648470e+02
-2.388123950230636865e+02
1.805560167308481141e+02
4.068571110720132310e+03
3.630655117255261757e+03
9.930278949744125612e+02
3.823030650639379360e+02
1.539618059627368439e+03
1.910215471220535164e+03
6.247341542648684936e+02
3.391090851402934732e+03
3.505312795362644351e+02
3.288792693900054473e+02
1.698783347261349093e+02
2.993524121348275003e+03
1.037743731194915426e+03
1.741700639598135695e+03
4.317781036245928590e+02
-2.040068353294577719e+01
1.107689465109247294e+03
1.390435108179546432e+03
3.076375674803570291e+03
1.007683424274140634e+03
-1.619342020370812065e+02
-8.938254089289949889e+02
9.575685249031126887e+02
1.072229676605217037e+03
1.583143276072620665e+03
2.609079493959592710e+01
1.737542988669100168e+03
3.468920014023678391e+02
1.412601854398169507e+03
1.296105671186381187e+03
1.051255249636412145e+03
4.149510798223629422e+02
3.020704134206840990e+03
1.172167892858945379e+03
1.321499350353481987e+03
1.453100181339802702e+03
2.645180161171799682e+03
-4.965833401142343178e+02
8.087482254941185147e+02
1.046325803281066101e+03
7.082528656304306196e+02
-3.477447266454557393e+03
4.645703570738050416e+02
3.029582428441099182e+02
3.304488616569581791e+04
-3.966802572992895080e+02
6.498517008806237527e+02
3.580519156506272338e+03
1.661097202424741397e+02
3.345809852552400571e+03
2.467934477495280987e+02
1.750302001662466409e+03
2.276509966448855380e+02
4.019721193004433644e+03
3.278771391239578747e+02
4.131236005904528611e+03
-8.541449815719261096e+00
1.422864671268434336e+02
1.579257808601779743e+03
2.861816168835506460e+02
-6.371340485948182959e+02
4.238760168774952035e+02
1.748659705875591612e+02
3.956488216740238499e+02
2.110488514263577599e+03
-2.588961726402965837e+02
-1.300645395080633534e+03
2.432828000113443920e+02
-7.995496841852187231e+01
8.631041460348120381e+03
2.974846656801762038e+03
1.336661047829394704e+02
2.667189671166005382e+02
1.360640859961530168e+03
1.389240204773726077e+02
1.276920467502064639e+03
2.604995103986258982e+03
8.222379973751516218e+02
1.002741442620991393e+03
6.593200834439925302e+02
-1.185764026508860809e+02
5.471246527006893530e+02
4.059217780464121915e+03
4.356976427803944603e+02
-7.855813959853816186e+01
2.428965189418598584e+03
3.961387930332348787e+03
1.718782155112091914e+02
1.757861469300557360e+02
1.955885170653342357e+03
4.423345689209324405e+02
1.855686579938493196e+03
1.250853587583440714e+02
2.594690678313752505e+04
-5.240729583046413609e+02
8.426264743286208159e+02
8.086958251598449579e+02
1.035538249078646942e+02
-3.721844167567643353e+02
3.057215974043616029e+02
1.016226922673378226e+03
3.119869305293569823e+02
-5.262713286401186252e+01
9.679502336304202004e+01
2.691592014348867451e+03
1.181720994663931560e+04
2.654754935134053085e+03
2.550780269262487764e+03
-3.926616897710167819e+01
5.554349059548208970e+03
9.237135951023719826e+02
8.253476971197666501e+01
1.461318482509492242e+03
2.615893574889737920e+03
-1.658470716316905964e+02
5.124471600241902706e+03
1.486480790902871604e+03
3.951901705847895300e+03
-3.053287157438365984e+00
1.038675400181049099e+03
-3.620119272246300852e+02
3.085203849087423009e+02
3.204089486753740061e+02
4.346636821580798369e+02
1.201173073017911520e+03
8.436111110815536449e+03
2.568994224311491962e+03
-5.827628883036628622e+02
6.986599319978654421e+02
-7.297118596683628766e+02
3.480166208568278421e+02
1.477858229932385257e+03
1.036001812153697301e+03
1.421423608319400046e+04
1.179808575646649160e+03
3.162070250786283623e+02
2.710100949265992313e+03
1.756524789188462137e+03
8.691536242622794362e+02
-2.132542564960829168e+03
7.905320045361356279e+03
-5.636346195490078514e+01
3.021700911827833025e+01
1.268384365346818413e+03
4.372980914138879598e+03
2.526773649738920255e+02
1.789592694388101791e+03
3.579191131967512047e+04
7.745526217660082757e+00
4.269656147665494245e+03
1.352655690532710832e+04
1.263327593915292709e+03
3.619399917749457245e+02
5.454088361811815957e+03
1.861757014235628958e+04
3.296439303678556598e+02
2.321353315114901761e+03
1.356220973575915991e+02
2.718137838604990520e+03
2.800360651335791431e+02
4.682079896188998873e+02
2.665171021686142581e+02
9.706092879744586526e+02
-1.355570472789514315e+04
1.611067288497378968e+03
1.002055802734601855e+02
-2.136712672556080150e+01
-9.413180166246081626e+02
3.104263422253497083e+03
2.409065832311843636e+01
1.576426186575618260e+02
1.418243043494176163e+02
4.286017349902017486e+02
2.959251341599616580e+02
-1.712175207304065680e+03
1.694685618750427238e+04
5.281200635905399849e+02
2.841165693098228803e+04
1.472925207847656930e+04
6.222148012086181552e+03
5.836950086801838466e+01
2.723873853967983791e+02
7.396322154164033691e+02
1.028087419557683461e+03
2.388252267292255965e+03
2.092303214403443334e+01
3.010430806897723869e+03
6.098754365707388843e+02
5.926341468778189636e+01
5.683340758884838806e+02
-5.560707538846450859e+01
1.206725256810572091e+03
2.056024367662154418e+03
5.386117980015313833e+02
3.748129907621252528e+02
1.617333898491111484e+02
3.986053425851009251e+03
3.265270869488974768e+02
1.243537638379951886e+03
2.171784568758697787e+03
7.085898665080753744e+02
3.540318640019562008e+04
4.292749852012519227e+02
2.560860626750832125e+02
5.976050941313891371e+02
1.178937418394559927e+03
9.228461262437120240e+03
-3.042748471962719918e+02
8.438930994303445914e+02
1.697530893173508048e+03
-2.204238952584507274e+02
3.534155980126184886e+02
6.468777860142128020e+02
-1.577554679773090811e+03
1.525325022970345344e+03
6.412982459682918943e+02
6.147340436093083554e+03
1.468779522935429441e+03
9.939973685677770163e+02
1.040690144566283664e+02
-2.477294309936308636e+01
1.797791494848069988e+03
3.744570609783588679e+03
3.969251340708574958e+02
2.419972379041964359e+03
5.172867314914182089e+02
1.446959887317798916e+02
4.182432701909887669e+02
1.791202270231775628e+03
3.117415201608806683e+02
4.563117783054581196e+02
1.133607753714936024e+02
4.503523901778761683e+03
5.111920134934786802e+03
2.361008930751121682e+02
4.246269691809196161e+02
2.747899365937743141e+02
1.466587802220075673e+03
1.039358184231957785e+04
1.146694744178041947e+04
2.368977433161500414e+02
3.232137872925655415e+02
4.126854726416655467e+03
1.034955388520185443e+04
1.563124281674293456e+02
2.801964553562377660e+03
2.104992985301252304e+02
1.340543983633418975e+03
2.227663384397545997e+03
6.827730616765016691e+00
1.274377884891280701e+03
-5.585411290686762413e+02
5.953578958659707041e+02
1.194493376555153873e+03
3.106769947354266606e+03
4.561742265498366464e+02
2.755954818528131909e+03
1.349168497717435855e+00
1.631456913763362081e+03
2.812912774256195121e+02
4.477825630758318766e+03
7.302822569464520711e+03
1.704479339058179448e+03
5.819156352389165932e+01
2.042820355474899316e+03
1.074976912433425923e+03
-2.221167571636431433e+02
5.801599740129174734e+02
1.285103169464373195e+03
1.633755168128242985e+03
-7.674915952272709774e+01
3.789633040016141877e+03
4.628666647114448097e+03
2.278921605342585508e+02
2.098755058835226464e+03
-1.829703816954178137e+02
2.097949919648082471e+02
9.955704229412048107e+02
1.130966630159950910e+03
4.455254118333069755e+02
-2.587638471724602596e+02
3.480008911922489915e+03
3.445782014368865930e+03
5.681765152108654547e+03
-6.993605838203066583e+00
1.671564056053013701e+03
8.754846311744308878e+02
3.427055169638799725e+03
1.391542347938139528e+03
1.338074945860135449e+04
9.344891252856613164e+02
6.363719705603498369e+02
1.022697542699267251e+04
5.037397531193772011e+03
2.201168295624832183e+02
5.459486429506274590e+02
1.559875663904992962e+02
8.588167064068582476e+03
7.151803260737871142e+02
1.767931302074329949e+02
1.588333417465205002e+03
1.794347042613372423e+03
5.320234424660928880e+02
1.204850521378295753e+03
8.871011052495080662e+01
-5.538309826995671159e+01
4.550602989326901479e+03
9.650320311976958010e+02
1.959420714027639406e+03
1.904004855640436745e+03
3.103289098359284253e+03
8.256032599492885993e+02
1.017471470454348861e+02
1.793305336682007328e+04
1.427626332206688676e+04
3.223326053603676883e+03
9.824469360153542539e+02
2.507269198855354659e+02
2.451118770746629423e+02
7.538848209293378204e+02
-7.356896390626744733e+02
3.611077455891942918e+03
4.751456669124753063e+00
1.273207606796719062e+02
3.662257181170068634e+02
-2.939403597230663308e+03
8.107553282587275589e+02
1.731299130663715914e+03
4.776886310344996673e+03
2.257846392375738105e+03
5.396789256120913336e+01
-6.987139020396958813e+02
3.900875221838772973e+02
2.425917082281602006e+02
3.481149903063877105e+02
4.076888020385829350e+02
-3.514449526635337051e-01
6.880232561179991171e+04
4.197174941646386515e+02
2.446484510384979671e+02
9.337331531663468922e+03
1.696852617093941831e+02
3.473660301724150372e+02
1.081910609299819370e+01
2.161652452216200970e+02
1.727943275732254961e+03
4.294007290886806345e+02
1.164589935501221873e+02
3.144295019610128747e+02
1.515679888751572207e+03
8.961396773089376211e+02
1.269900582278837874e+03
1.666489160496609657e+03
3.302569032938686632e+03
6.972195424770398859e+03
5.342197619910901267e+04
5.823380188396739641e+02
4.734878038798040620e+02
3.623861096309072991e+02
3.722281732361435616e+02
4.241441513897696495e+03
4.249878305494789288e+02
5.778184172499315900e+04
2.293820615739131767e+02
1.338021513662772577e+02
3.155730590717963580e+01
-1.187231556365515672e+02
1.483874375398910388e+03
1.879763549609571953e+02
1.504644164919387094e+03
5.101507860741220952e+02
7.409690182694062344e+01
1.619820115488508009e+03
-2.259553059117681642e+03
1.838824201676412429e+02
2.406715599222273738e+02
2.367411145864664945e+02
1.812193872375839419e+03
1.494900461115957341e+03
6.655521610216616182e+02
1.490942310000244106e+03
1.041035759560789757e+03
1.044953514367836760e+03
-4.202299295203495149e+02
7.678353237999349403e+02
2.065075532463000400e+03
-9.702522473265830172e+01
2.719480386246332841e+02
2.367252519258271946e+02
1.498233438012768559e+01
1.027800996811631421e+03
7.818218064529464755e+02
2.478741763510619421e+04
1.649214011129051187e+03
3.674656994489029785e+03
8.753155912720181732e+03
2.954074920704375131e+02
1.838334202050167050e+03
2.100210903830537063e+03
4.202527607095297668e+01
5.575975789589848830e+01
8.701967756577579394e+02
-4.625651884901650419e+02
2.662058095607480936e+03
1.021806888689897619e+01
4.382215239639593847e+02
8.184334907350411186e+02
1.126324655067206322e+03
2.808624616246997448e+03
2.250019224051148115e+02
7.294946651465490959e+02
2.027580202083944641e+03
5.277598923813217198e+02
3.815217106755175678e+02
2.601334486710666738e+02
4.110118215924821925e+02
3.836864712694457324e+01
1.072975145889301712e+04
2.373521138125863956e+02
3.878321738928827017e+03
3.961458263670529959e+03
1.064882720724180309e+01
3.490963938031557973e+03
2.966872523122391613e+03
4.162865978035395528e+03
2.674888666100836417e+03
3.487644915870111163e+03
5.560593790686084503e+02
1.489350331130562381e+03
-5.839982693022395779e+02
3.928466916656922763e+02
-1.355616526449088326e+02
-2.185614012491853373e+02
3.198341181163568194e+02
1.159045252160873315e+04
1.255408346463947510e+03
7.856686375467235166e+02
1.527675724516396372e+02
-2.328453429813223465e+02
2.999375851231528713e+02
4.251341158496675234e+02
4.534320574161600234e+03
6.006163415910102685e+02
1.904181531588388907e+02
2.695760209671178700e+02
3.569032958013814323e+02
3.579629514770011156e+03
2.436411485408080324e+01
6.303399297472433318e+02
4.158086302213943952e+01
3.001956442123188026e+03
2.977144232120563174e+02
8.333548889871455685e+03
2.602341633591728964e+02
1.934022226743289252e+02
3.106967456969240970e+02
1.679812093774195034e+02
9.781504219514272336e+02
-3.718851082291495800e+02
1.585606514262246947e+02
7.711086517287600373e+02
2.691892351417143914e+02
3.675255251524203572e+02
4.278160247300052288e+04
3.588039885914480237e+03
1.640350445030747505e+04
4.361082254481129894e+03
9.777444792300350400e+02
-2.802166184645863268e+03
8.185394497724315670e+02
1.655892449217740818e+02
-1.694767053674580438e+03
8.812964354140800083e+01
1.104451543279302996e+03
6.781827572013522740e+02
1.769079837170202836e+03
1.256097803275989477e+01
6.251349149190832577e+02
4.727485682545054260e+03
4.837423245434287082e+02
2.874259157696733951e+02
5.170834250144549742e+02
9.544695159866049607e+02
2.290769487041640605e+04
1.639262109430122946e+05
2.889448543997801266e+02
2.151176556893914676e+04
-1.708199873335526888e+02
-1.365892276213897048e+03
1.310735672393724963e+04
