2.812177594093416277e-01
6.741505739710160761e-01
9.820888643521520356e-01
3.978991021205395828e-01
2.995327190201924616e-01
9.609833905004890875e-01
2.869613173285068819e-01
1.030814824207996611e-01
6.763968340534879387e-01
3.109359103957764613e-03
2.113559960201489077e-02
8.394747204502044369e-01
1.161349517109256865e-02
8.711081754819827161e-01
1.154148312798205928e-01
8.242588782082369003e-02
5.921393285082996449e-01
3.107352796228353767e-02
3.767388173202596002e-01
4.194574225419065994e-01
3.686373489069776355e-01
7.474067409821963937e-01
3.635133665088551846e-01
8.549441596472200089e-02
2.214361251597233432e-02
5.769487721415460235e-02
7.387407861541753773e-01
5.875216270836759735e-02
6.765150584083812202e-01
8.755077995810136571e-01
8.895431049620252661e-01
1.526575030189890152e-02
5.720429288231254628e-01
6.564754896203498502e-01
5.076543355589915318e-01
6.219592587419913166e-01
1.664106145420230498e-01
7.316691996679405285e-01
2.030031569753570561e-02
9.226300852109510231e-01
3.047325776045784473e-01
1.586372748326633497e-01
6.142155962600038821e-01
8.518973131007429034e-01
4.384747456582108738e-01
5.799368537710372085e-01
4.022080349101551655e-01
8.365065511664033782e-01
6.496630412140669275e-01
3.100151379201238067e-01
4.183482009633420207e-01
1.398912354372314204e-01
5.908301313498016266e-02
1.839087360972218033e-01
2.246732913857744651e-01
4.780925707707192607e-01
5.789004021017772894e-01
9.766199515070522752e-02
9.363391388561824735e-01
6.692330566867850106e-01
6.861851219756088804e-01
2.604820288620944835e-01
9.553309069653830310e-01
9.091395911260402585e-01
1.926024548370279532e-01
4.287429183936207200e-01
2.714229058784281903e-02
6.599016477756666221e-01
1.032469116843404977e-01
9.671313252219009282e-01
7.963356384872244398e-01
2.422723853541444428e-01
5.905469677152963559e-01
9.901122950771754777e-03
5.748931180988621215e-01
1.663470925726047711e-01
3.326849354203441633e-01
6.015130261149657098e-01
1.858636225106627682e-01
3.673813584603206617e-01
1.747993869134724723e-02
5.023470891639890690e-01
8.995312430556723360e-01
8.089557321434892589e-01
3.230147707540266533e-02
5.846825895861438305e-01
9.833237183286693828e-01
6.071701925575926362e-01
7.655406441507416337e-01
3.530539812996634219e-01
1.980251626447495084e-01
5.792375868664053663e-03
4.565306432851326535e-02
6.314906904666025556e-01
2.521060465486261726e-01
7.504111921658491724e-01
6.413027442799940081e-02
8.589533239842571666e-01
9.341215727235482325e-01
5.913888186415668935e-01
3.789236400611759592e-01
8.795872557986250673e-01
4.889472662105244782e-01
3.739315264350617229e-01
9.445546182699232629e-01
7.701660544457739066e-01
1.364887074112839660e-01
6.528586346120175410e-01
2.775732808634909787e-01
1.840128653963368499e-01
7.783340796449865484e-02
7.390831125316208450e-01
6.319736313359415325e-01
2.505692150553325281e-01
9.550576190321873327e-01
4.313090010822850928e-02
8.004992386333592558e-01
7.513202045127149731e-01
7.959379488226872024e-01
4.481407118249586957e-02
4.556197230734157499e-01
7.257140154351616156e-03
5.396711387665384940e-01
9.564840839990803589e-01
8.829476894217265504e-02
9.727398192860757520e-02
9.367507134504632349e-01
6.064697224043312795e-01
5.843713907547251063e-01
4.344616259019384863e-02
7.750642960930372860e-01
1.287852063186307461e-01
1.424932589318321334e-02
9.396004034265272864e-01
2.254621788101743018e-01
5.962083316787394199e-02
8.914311579733896762e-02
6.336847107069878415e-01
1.191480221707785260e-02
2.980671135334620470e-01
7.982925923034625004e-01
4.147688519070017454e-01
1.820308013925140550e-02
7.390295780495228506e-01
6.796991610676262896e-01
9.246657429641340631e-01
9.171847833420653240e-01
9.265649151726624844e-01
6.972734913675723289e-01
4.697634519496997341e-02
9.621516719362488423e-01
5.641184929830437289e-01
9.010915057473199985e-01
8.749130545263209546e-01
2.504577851462340687e-01
6.758114341888237231e-01
5.698017977421676594e-02
7.189664277672097592e-02
8.201154357268395367e-01
9.696099932556004886e-01
2.985149443858079454e-01
8.533456025290084845e-01
5.435211063487154631e-02
6.380419773074456069e-01
6.974041672322820462e-01
2.006510878658877006e-01
9.917887399681024618e-01
9.055115327937236502e-01
7.464764099819439780e-01
6.657458215095390930e-01
1.217378714728970940e-01
2.028056459539352152e-01
6.713352905272360234e-03
2.362975590774262780e-01
8.181075202788060663e-01
8.341203420983878125e-01
6.367278142474405711e-02
3.304676137997785146e-01
8.398337460162187407e-01
8.960028192642068845e-01
4.571826131334285476e-02
1.001749792323206600e-01
7.443519276768126858e-01
4.474118545796135216e-01
9.293971385547347142e-01
7.193606137870902639e-01
9.761739848493645733e-01
4.356812607852272867e-01
9.190282715987921347e-02
9.323714690713900133e-01
1.633247695554381276e-02
2.609892433570687453e-01
4.964679311948024670e-02
1.450124725976219969e-02
5.298312390614303702e-01
8.276877985675894500e-01
1.348047173495675599e-01
8.073548442902236388e-01
2.074247472116928781e-01
8.873630449995770220e-02
9.926892692793017892e-01
2.189109416640672712e-01
1.980144147047020464e-01
7.289486193637180200e-01
9.622749062072740722e-01
5.212612967938523578e-01
4.980760591847140373e-01
9.564840839990803589e-01
1.894945149098088144e-01
7.628628284661872483e-01
8.433987229555661366e-03
5.949829939680770785e-01
9.220950073690388216e-01
1.220153542376697410e-02
1.343424606404781119e-01
9.857662640448681124e-01
7.494287973914961487e-01
1.884869688295457146e-01
8.638712474369737437e-01
1.019942741729455427e-01
1.370508882356563304e-02
4.322932027645606246e-01
1.198322519737071434e-01
7.340945981562898570e-01
9.483561399183407792e-01
1.237868633300787981e-02
6.676294011559398278e-01
1.525541423864060775e-01
8.409328873863490539e-02
1.860376775061617083e-01
8.698214393989198712e-01
1.359255747408557626e-02
1.036901151853875103e-01
8.474317529082848743e-01
5.513559834098833434e-01
7.569022567143307047e-03
9.271779437536815660e-01
7.845556221086458226e-01
5.918577166737901685e-01
2.064837866131679148e-02
1.003563274757989787e-01
2.935310067779671739e-01
5.975514454503966233e-01
9.621656502516092724e-01
8.335387915984684981e-02
9.684873454950925983e-03
6.454961885960496248e-01
9.866270465335508222e-01
2.047645704076370976e-01
9.736724960817288999e-01
3.207496557513739299e-01
9.413462303225094141e-01
4.284586957452845013e-01
4.070882900644791635e-01
5.007625498385270824e-01
6.405748668541797475e-01
1.762845458859806438e-02
6.313444988351565312e-01
4.833818959980542562e-01
3.120400069463314871e-02
4.946313043935844922e-01
3.266871885037133660e-01
3.713072937357427272e-01
5.738193979251156041e-01
9.498671832902826073e-02
9.100503274552552702e-01
3.980020655352196901e-02
8.969000087190133197e-01
4.172031072258222673e-02
7.765871749265351731e-01
9.327649991923808726e-01
1.482148615186201224e-01
9.025824276078397990e-01
9.841745041821440276e-01
3.990430237954724069e-01
9.381579505626800111e-03
5.793657925627267169e-02
3.504463792442096826e-01
3.927981842687328640e-01
4.598488253335174247e-02
1.559104481314144419e-01
2.683425599355546837e-02
6.021953318410913636e-02
4.118811797720133699e-02
9.182092125951925032e-01
7.161295254195239046e-01
5.947729683207256812e-01
1.901687193221822739e-02
1.891122501123084637e-02
7.188900566767926215e-01
2.176076214302340717e-01
9.927793068802786003e-01
9.834514372656765202e-01
8.659670706919305738e-01
5.128044496186336815e-02
9.675860493537198348e-01
4.490995945985125359e-02
8.501046365404098248e-02
9.502618506140738663e-01
9.467717451337436252e-01
6.440998406250397768e-01
2.961574816629860551e-01
8.591897572268509808e-01
2.852075615435009093e-01
1.956847684672571863e-01
9.633312955711466063e-01
5.788082025371459327e-01
5.520923476795325247e-01
1.129290691469856389e-01
1.863091900114608943e-02
7.687227167118197979e-01
9.449673238357421123e-01
3.020466214823913087e-01
9.086540731012078265e-01
4.318748867007430881e-01
1.250582156873017957e-02
4.948034540113652180e-01
5.437215009724496451e-01
9.011577630198437383e-01
7.421182759536158052e-03
8.521652618306905236e-01
3.616529395270600133e-01
9.443668653411300129e-01
8.152525524371267984e-02
2.073416092707536518e-01
5.224654022868439052e-01
8.848803692131609333e-01
9.384571776370357332e-01
9.379823894450803889e-01
9.426173580882697411e-01
3.105207029705307487e-01
9.446296000083377609e-03
1.393293712303115758e-02
1.307248730947215831e-01
4.987067450825812820e-01
9.129899142296706849e-01
4.581493994923465651e-01
3.805220418242918901e-01
8.151450194544282990e-01
9.550594748058423011e-01
1.965186779397419189e-02
2.905695309196184573e-01
7.843417771262552185e-02
6.614059120907557210e-01
1.124654481584589326e-02
5.454632100660096183e-01
2.151342623675057270e-02
9.141796540118883874e-01
8.579628719947263171e-02
1.598366778137956523e-02
4.150866604115757141e-01
1.008541354962671222e-01
1.753410941907782017e-01
6.138947456866398200e-01
3.016124905860042005e-01
1.442069490280368793e-01
1.419691784275043389e-01
6.135733081657201993e-02
4.514420776986753647e-02
9.096868685430076207e-01
6.767274845175181852e-01
8.426055441650641686e-01
8.867387745310206792e-01
2.774363765578635177e-01
9.387003326907952250e-01
8.043693597942302986e-01
6.352841969310824011e-02
9.392409028365501511e-01
1.515845899282277677e-02
6.872570104633117793e-01
1.209764996577876450e-01
4.989923076027057425e-01
3.760354021211988890e-02
7.256037836019635368e-01
9.868991834886844394e-01
1.323094666896699849e-02
7.888608468161281695e-02
5.269513532322632754e-01
1.091258671097670718e-01
3.954541750680243273e-02
6.209677993094058213e-01
1.490079640279488686e-02
5.013793024406582033e-01
5.069401510419569573e-02
3.604111444486336469e-01
4.420462824363168702e-02
1.067312281597790902e-01
5.321176169714376264e-02
8.113246676623430131e-01
7.538860575487207338e-01
2.209657851266830508e-01
3.356977475454963472e-02
3.287084940917702758e-01
9.791146955740175351e-01
3.755331161274257923e-01
4.748523525102647524e-01
1.494677044863604587e-01
3.871878186626754453e-02
7.824009780547646065e-01
2.674965970876411539e-02
1.030308400573872185e-01
6.595911746455891400e-01
8.864535035776749394e-01
5.137314267378126909e-01
3.961321991224878158e-01
6.783569145767809339e-01
5.846445324517312025e-01
3.114353930169477813e-01
1.290012326847388840e-02
5.651173685741590624e-01
2.167001039619418645e-01
7.156435103180400215e-02
2.736716506509885849e-01
5.464683555058733599e-01
4.798963901088938999e-01
5.874989371602936522e-02
1.096581102409090354e-02
6.101564715857149546e-01
9.220828628022829099e-01
4.158851184034335069e-01
9.255912341491719098e-02
8.002322563259053334e-01
3.202627135519476309e-01
4.349125645009158658e-01
1.731381132844986293e-01
4.366139374309845333e-01
1.867643535470415311e-02
5.763866122067263786e-01
9.267840035247622010e-01
3.852268113568532715e-02
9.594679765126657989e-01
8.322250892943384715e-01
3.142563229768966515e-01
8.653564370795549521e-02
5.246757019269437244e-02
9.273458283586577533e-01
7.668272029900662368e-01
8.217089842723503956e-01
5.195471238246850421e-01
5.615666032501975824e-01
5.448093390515831302e-01
8.641694328360569610e-01
1.318382890470399249e-01
9.385719101972742617e-01
4.339485231941752064e-01
7.377054072474978907e-01
2.737026732043777444e-01
9.181807399540371506e-01
5.803445922312832073e-01
7.382073980792914769e-01
8.908216781840557763e-01
9.268487403875073083e-01
1.561262813935911098e-02
2.215630160528859194e-01
1.562781551037583372e-01
8.892831979670634546e-01
9.462232903598507550e-01
7.640443523894532851e-02
1.340615607992229619e-01
7.339181843652724246e-02
8.033013722555476521e-01
4.984103514025923776e-01
9.198479976386069179e-01
2.535077368397369302e-01
8.737721393116458166e-03
7.228247607951986398e-01
1.079342089321163808e-02
8.350794685661236949e-01
9.178369132366659411e-01
7.526199783607894211e-01
1.178883753599467912e-02
4.429218867398806297e-02
7.959020515856462391e-03
6.124150351698524203e-02
3.302254098741159039e-03
8.612705904961810432e-01
1.966689590273248689e-01
8.961271100717722593e-01
9.443387423189214536e-02
1.530645924952468984e-01
2.811266646905343780e-01
1.858697278245557624e-02
5.287407319144791229e-01
1.163801579586573251e-02
1.753407262291044322e-01
1.335571354706550744e-02
7.513778442890666209e-01
8.187086726603250986e-01
1.679489018085054963e-01
8.009354865421604019e-01
1.349251769203353435e-01
2.422610898809430049e-02
4.831106846404217281e-01
2.342473065718009284e-01
9.091150101106646453e-01
9.130408714256574854e-01
1.908267417162483048e-01
9.011081186122066322e-01
9.618664224127151385e-01
2.725185209720957791e-01
9.605210584270521545e-01
1.173033814104605249e-01
9.820700880149925080e-03
3.794340831475973563e-01
9.535064553025371925e-01
9.093725811197600484e-01
9.093136997015502931e-01
6.608903843913535026e-01
2.647463012001724514e-02
7.463426103341367357e-01
7.571074585149443203e-01
9.868063192890023094e-01
6.964166082383592069e-03
2.959292264570744652e-02
4.375447309161506482e-01
5.532085383424150127e-01
9.792364206482334285e-03
1.018765294528730242e-01
8.261355990578282960e-01
7.823231949266020724e-01
4.072310700059343924e-01
7.707134490398186433e-01
2.602249265570782955e-01
2.129419192172626873e-01
7.758848064712626780e-01
5.414426650718777712e-01
1.743517378683169250e-01
4.334459524637095940e-01
6.426235855216085036e-02
3.576063339340156411e-01
3.051943558908664159e-02
1.147425554936557304e-02
9.735981732679631628e-01
8.103357674818442158e-01
3.386060647078332209e-01
9.576595401527860929e-01
8.556537583957132265e-01
8.547305827941413803e-01
3.077869763858460672e-01
7.018570310373554166e-01
9.390588182437155096e-01
1.170610513612160147e-02
5.447134745954097523e-01
8.687620872047423920e-03
9.602897503940810431e-01
1.260520065728390204e-01
5.320565208243092231e-02
8.417669932013757128e-01
2.402841065078857308e-01
1.252663281078255919e-01
4.422153043478821433e-01
3.376315015327057689e-01
4.409008165120483769e-01
8.884852658291862715e-02
3.658656972911488725e-01
6.533280440926539923e-01
3.254075516618171737e-01
7.814768011464279240e-02
6.067586122630508338e-01
5.111707975158281680e-01
2.318929753872349953e-01
1.017466925562660468e-01
9.353222381786380213e-01
6.407501033638658694e-02
3.447994468467875939e-01
5.710482792110637140e-01
8.040632861801201292e-01
4.263520477634198391e-01
6.697888122529543908e-02
5.987441461039507695e-01
1.648773141215235105e-01
2.622784925885572258e-02
6.065414644308853021e-01
2.801433329650037662e-01
8.097129131845385297e-01
9.185869858703699098e-01
5.888663692418113493e-01
4.529028439171948750e-01
9.885046205192719038e-01
7.147691704123037004e-01
6.441405847291115094e-01
1.678941622104900833e-01
9.368263720014191609e-01
6.342492251812273940e-01
9.118954419585980631e-01
7.583072973927532968e-03
3.605801771441669717e-02
1.931792767630959584e-01
1.188166320029209605e-02
9.077964572315213587e-01
7.581550082573481619e-01
7.019204353433738941e-01
9.446866176370342094e-01
1.038469449256140681e-01
8.436214213895175673e-01
7.795204429898496823e-01
9.231464458871230239e-01
6.363006884789894624e-01
2.187572088175640528e-01
8.831227752986967605e-01
7.832113453647971957e-01
4.444509661460059324e-01
7.237746243678525593e-01
4.745973317147993316e-03
9.905184581533683641e-01
2.485670586474822419e-01
2.613734985027078156e-02
9.116852291063584079e-01
1.248998002484213721e-01
1.632828390790867432e-02
1.327180467981344536e-01
8.685093063404462077e-01
1.146441737605212591e-01
9.747139498800848623e-01
6.971121122632109590e-03
1.500869441499758268e-02
9.276718743777643411e-03
5.983281192033897966e-01
5.201784815720962296e-01
7.675056822489378927e-01
8.623154121304522635e-01
6.965586535081400368e-03
5.776618886045777890e-01
2.641656510777845232e-02
9.312450787288911735e-01
9.076031285303024498e-01
6.763597805157343101e-01
8.509548533086248590e-01
8.789453942761538130e-01
5.429996094776577964e-01
2.050928779226431076e-01
1.357201195984933106e-01
8.358509374833784644e-01
7.353801395461585788e-02
2.524481098881657393e-01
4.998288346542366090e-01
2.311339917555081322e-02
2.942335746585441614e-01
8.152092916708696402e-01
1.276077142266528186e-01
8.864820887712513420e-01
9.143172117267527321e-01
5.573545458391784141e-02
1.206418297762303776e-01
5.719835493729052284e-02
9.588738391772667624e-01
1.968991470938771717e-03
2.300838927446489657e-01
2.116633609535790994e-01
2.471839027739143602e-01
3.966705760650774404e-01
1.542178907667782033e-02
2.026545353781616585e-02
9.366232721129920114e-01
8.883126561291444789e-02
6.144597155423789925e-01
7.899994570214152745e-01
6.511034496794416981e-02
6.007312501638246705e-01
2.260426504714321549e-01
4.663787167050793825e-02
3.253273113677396799e-01
8.817099592683117493e-01
8.486233553437357857e-01
8.685952342534248860e-01
8.039963104629581636e-01
2.105181554210057704e-01
2.335686366211429943e-01
2.996577633740528657e-01
1.254753283833246469e-01
6.738768688565112130e-01
1.340548681529314494e-02
5.052731817189949348e-01
5.177765821876979535e-01
6.149919839200149729e-01
2.886083086012730323e-02
9.256905952759535428e-01
6.359101670635636250e-01
8.730545866839946045e-01
3.128850245284862663e-01
6.124474415660896565e-01
6.271528360097792902e-03
7.192136945693496930e-01
7.691684188058377503e-01
8.742124843098555975e-02
8.392720828879951522e-01
7.541163498324774395e-01
5.002397485627529949e-01
7.695139670616161220e-01
3.946814618539747910e-01
7.716559361941385253e-01
4.448573202644478530e-01
9.499868778810380276e-02
6.723706520607865000e-01
9.320156513034881796e-01
7.537540925777913570e-02
9.564840839990803589e-01
4.039843185758120736e-01
7.319666509160340784e-01
5.792431573231280328e-01
6.486794262677298972e-01
7.780202457908526048e-01
3.031899791519031551e-01
8.736116385060941347e-01
8.515374726564624019e-01
2.694136807758173990e-02
5.132194578867926849e-02
8.043253542893773478e-01
4.989631472624123654e-01
9.042449272987214126e-01
8.504820863203487180e-01
5.454677299822222741e-02
9.436700641783659638e-01
3.324654642668406490e-01
8.273089418528619676e-01
4.718163239049191771e-01
8.706985819290133932e-01
2.079978623578747909e-01
4.920170976606434987e-01
5.018721305000873462e-02
6.899434429616636555e-01
5.869753902258594280e-01
7.734142355147949344e-01
7.235593713470780085e-03
7.489971448842306367e-01
1.660354989397719860e-01
5.620987957499388177e-01
6.401189524945385401e-01
8.790849245928634981e-02
8.263401095375055849e-01
9.944557019627466021e-02
9.633037577616406777e-01
8.051466768672961571e-02
9.696084289253139588e-01
6.478347309215227723e-01
9.830038408192174337e-01
1.213945598033632292e-02
9.521674586359714088e-01
8.375781947628967439e-01
8.020716372038956266e-01
8.116973874491706376e-01
7.272179716207839706e-02
4.152785007168694614e-02
4.612909726831685431e-01
7.687921536835663483e-01
7.552256697844941247e-01
1.227237132850496765e-01
7.971356069413679801e-01
7.731984946423576810e-01
1.694093945783316235e-02
6.610414164729833120e-01
2.836645303873158164e-01
2.828910293616329619e-01
3.947363950170588304e-02
1.799110812334070789e-02
7.277843412771632936e-01
9.791952723366754707e-01
9.043152167672841024e-01
7.122815066084884350e-01
8.435351660231402704e-01
1.319621325422337503e-02
1.002274095370296325e-01
4.073576468223691904e-01
8.989963281586151045e-02
1.000870223525198305e-01
8.270082476979569996e-01
4.359221419215741217e-02
7.038873112782996211e-01
2.635752994155512452e-01
2.534775068701981132e-02
9.007142921342524700e-01
8.217974032517442184e-01
5.820127061642146327e-01
6.852432652723130513e-01
6.850429048247296260e-01
2.907257594112288013e-01
5.584003243467097061e-02
9.291318795497055527e-01
7.435140974372004274e-01
7.950080612086315446e-01
6.694756472850676987e-01
8.090776305736970819e-01
1.045305790984417220e-02
7.380801634696634306e-01
7.983886779632104469e-01
4.797404951763703344e-03
3.095561263287931464e-01
1.746934436174972516e-02
8.597003822385702598e-01
8.554267896960376927e-01
3.212095150715731373e-01
5.853800170267519087e-01
9.944267257191480303e-01
9.271735228608110613e-02
7.942550675298458707e-01
3.783175326443916631e-01
9.311925066616529856e-01
2.319972180648489229e-02
8.683397474421721274e-01
9.543616910003731579e-01
2.303412675984721492e-01
1.053249129631701198e-01
5.765964698998023164e-02
5.424202634215673502e-01
1.106034955777653317e-01
1.177052969660758938e-02
7.403416187880441646e-01
8.465093335068984981e-01
8.286209429500782653e-01
8.447749050666145676e-01
7.872420602576574167e-01
1.580206287456570324e-01
1.876969556149971768e-02
7.667027663715680896e-01
6.734244260995602138e-01
4.407574157116757596e-01
8.443079528993300276e-01
5.770369264443353519e-01
7.145329679138292533e-01
6.072295444554960397e-01
2.268529502223834080e-02
9.050935618216911227e-02
1.181782237175167533e-01
9.512082841475253403e-01
7.032124206188664628e-01
6.806388312872846402e-01
9.171047572553736593e-01
1.488410629168582522e-01
6.331703378942900029e-01
9.329595465736074955e-02
8.638187423960740352e-01
9.385375304329721668e-01
1.562512007397236780e-01
9.782178830962701133e-01
7.151456855961274561e-01
7.824540834803432876e-01
9.323576696529530805e-01
8.116912695302714864e-01
1.255773535091986859e-01
3.895830541623787058e-01
6.348877303705803277e-01
9.292423836910792545e-01
7.210959618919947356e-02
5.781796623036082883e-01
6.441963652667895834e-01
3.442632220884253580e-01
7.038995179866523733e-02
6.309346750005218052e-01
1.977432101533831699e-01
6.277532179439013760e-01
1.557150108979585626e-02
1.761475813966257298e-01
6.616011386285717277e-01
3.193958178599780040e-01
7.470704209396171747e-01
8.904352833379041154e-01
5.212974127282912207e-01
1.521640125793421172e-01
3.897305787693284423e-02
5.558366644460015493e-01
6.535656605116173523e-01
6.485521243822015558e-01
1.583147783581757284e-01
1.011954175595855265e-01
7.343304176400829997e-01
2.283739375701203111e-01
5.502596996705890614e-02
7.848718426009314575e-01
6.210216271116327791e-01
9.538345794671878597e-01
8.407175336835007728e-01
1.258743323458276497e-01
2.723219724001677000e-02
8.772166891616565154e-01
1.163399431509407472e-01
4.669286660715994963e-01
1.196279377430710562e-02
2.939170433608870869e-01
9.757126368221684387e-02
6.776360509787933140e-01
5.375013966421193778e-01
5.143365881213609603e-01
4.439556621253982205e-01
1.379560503097002622e-01
5.416910772060203882e-01
5.396456667896895598e-02
2.819895183675589709e-02
7.720109331144228149e-01
2.777117771744479560e-02
9.898847665465516643e-01
9.564840839990803589e-01
5.933573108475387325e-02
7.509318981629730105e-01
1.213751782640487831e-01
7.562031848778377752e-01
6.071514729746457784e-01
6.091124849268302333e-01
2.734938133172984051e-02
5.735865313039261587e-02
8.347709884044101081e-01
9.301332575038668837e-01
9.326083618760020455e-01
9.930640460673946235e-01
4.602538220456877660e-01
5.077206467746102625e-01
5.284979330722702068e-02
8.040865548583444600e-01
8.677377299499683394e-02
9.211740146122947559e-01
3.508678119935309536e-01
7.623429830423097409e-01
9.233336338383050235e-01
4.434875980541619911e-01
1.619716400003941015e-01
9.981990886982551603e-02
1.177129504681233840e-01
9.164774366632647551e-01
4.234534251763084622e-01
4.608645698414170488e-01
8.455359150409197388e-01
6.590322601931426494e-01
8.937307572949995671e-02
3.350817701850086205e-01
9.675135182978555903e-01
9.978940545985819088e-02
5.799776340370413896e-01
4.901377433644357184e-01
2.791220610670624991e-01
4.213559338815557609e-02
9.152731166633345516e-01
5.861548316066647613e-02
6.708178294689981502e-02
3.682530906063729570e-01
2.782924164372651762e-02
9.591057140700758321e-01
8.337974933732951177e-01
2.684369457537756909e-01
3.942829730386163828e-02
2.448763409638100574e-01
9.209320965684796301e-01
9.347729747828366076e-01
8.368436215050904792e-02
5.808559920589584369e-01
9.201735659302319181e-01
7.916988138632999883e-01
8.750467898235056996e-01
8.169669550676273984e-01
3.023852407405130394e-01
2.684646190667457355e-01
1.240276377084661430e-01
4.338293306635628704e-02
9.905955393021476096e-01
7.564218873471789673e-01
1.323226523530194043e-01
9.241529535522632344e-01
8.840791904295439707e-01
6.633413188424689411e-01
3.374917805335846954e-01
1.020014953115446904e-01
4.730497952849642140e-01
8.726070828456345962e-01
7.082376473075324697e-01
6.839624100845934085e-02
5.759512338018135669e-01
5.198104571489534642e-01
5.131806342167930524e-01
7.970547216889191100e-01
9.303816882603201111e-02
9.337342276800213448e-01
1.410706678188252891e-02
4.871647949197674965e-01
8.690691118064968190e-01
3.175349267242428830e-01
7.386180370420911689e-01
1.065256368146459548e-01
7.217372512507418403e-01
9.548921206497779091e-01
2.888036482900634139e-02
1.671750264655168933e-02
2.082701837946208945e-01
6.739204133796331542e-01
1.308467736060174857e-01
6.519667846298355940e-01
9.333305924400282505e-01
5.178197666142372868e-02
5.742716976208588342e-01
5.116002624177283797e-01
8.850193557236799360e-03
3.860028393270205360e-02
7.032479508203228757e-01
4.088218489198400252e-01
1.252055789032933096e-02
9.155478215535797215e-01
7.572242625272445071e-01
7.531036013897958181e-01
5.720560337637156101e-01
6.944212292953804155e-01
5.257459703319461441e-01
8.411669944323869608e-01
8.491509570212999458e-01
4.884567573985002520e-01
9.922934949491164502e-01
9.397309221778359367e-01
4.166022975329189970e-01
2.876697539194114084e-01
8.123264203102587011e-01
9.005056320152206306e-02
7.722096314326014344e-02
8.038334525801628105e-01
6.492658284711208538e-02
1.184313879853331891e-01
3.566032617873847732e-01
9.379229144266703067e-01
4.192550400369675634e-01
7.776755967509598744e-01
4.691167452256732595e-01
7.379261006728229377e-01
6.801106347732162050e-01
2.997263394815946058e-01
9.764192821107601228e-01
4.441023094600696913e-02
6.935300023682281489e-01
9.184771854304582539e-02
7.834696568024005492e-01
1.961714161211767782e-01
5.537451768667482899e-01
9.583510626185534065e-01
2.027571134565528399e-02
7.284491929926817377e-02
8.085063392738999211e-01
6.663733011053341038e-01
1.119975934082471231e-01
3.872882016035343877e-01
8.735464684953838516e-03
4.455650986118695478e-01
1.266750119817764905e-02
8.940830334461572493e-01
7.451341460377075565e-02
8.532797195949445301e-01
3.586128929122680414e-02
2.601432547142938992e-02
4.974875707182332407e-01
5.056070208464572557e-01
8.703657546947377588e-01
7.440370138774603515e-01
3.898449689376441429e-01
4.500471448574266259e-02
7.165256962338832913e-01
1.518724868663333949e-01
6.759499821241894413e-01
4.662574490443067154e-01
3.779975666738425444e-01
2.634244088918173410e-01
7.665536732999003178e-01
1.856658794915676536e-01
1.043854961803464786e-02
6.081655191097339319e-01
7.626548261514353166e-01
6.566266965480925810e-01
2.409407075270102519e-02
2.775962244923008138e-01
9.374576620561986262e-01
4.827976019339629693e-02
5.698433079373355775e-02
6.241969314825593917e-01
7.652417317848101419e-01
1.016350394579802613e-01
8.091172262136933080e-01
5.082245196343468940e-01
6.818375647536381590e-02
8.160552562333464044e-01
1.687339710838646756e-01
1.285535510487536837e-01
1.666681754192543274e-01
9.386977322135792168e-01
4.983339661310716151e-01
6.738010403642982205e-01
8.797952154987561668e-01
7.354716032162845751e-01
7.264909450409980929e-01
7.524929484080186137e-01
9.930775466743381186e-01
1.611708581719015487e-01
6.751595571363143700e-01
1.921576634247564308e-01
6.739416865002211265e-01
1.978726059054547737e-01
8.989873377754827866e-01
5.024840437425097395e-02
9.074034270948927450e-01
5.043082680851621591e-01
1.911142186161950834e-02
5.655577124694276536e-01
6.814969667572701173e-01
1.093703338913646350e-01
1.503006411552707151e-02
1.909631843555687492e-01
4.422817564122299983e-01
7.933955135068516684e-01
4.418509583236784333e-01
3.915883762163127058e-01
2.026936400579521513e-01
4.339447765476517338e-01
9.683325750039096791e-01
9.761933782566617479e-01
7.934939936485848611e-01
4.170136797998659217e-01
6.939416926768671168e-02
2.063587618916038757e-01
9.210360421255580077e-01
1.072201234769478914e-02
7.195176139412774452e-01
7.877069492644139803e-01
8.606795016817132549e-01
7.030825910607729767e-01
9.348523852690659997e-01
9.044979034344036162e-03
9.023852865102177656e-01
7.997409473975058969e-01
2.546537745829991969e-02
4.158981790011949918e-03
1.669626007383272492e-01
4.331554312256516992e-01
4.414863561697113248e-02
7.135807345992011275e-01
4.578290943148723147e-02
8.936518757355282894e-01
4.245627448184413066e-01
9.604961509128354114e-02
5.300829784437257469e-02
5.147004937671365715e-02
9.067699044442517620e-01
9.493370760718632395e-01
2.781977776840277028e-01
9.830506630310228422e-01
9.896248008072304758e-01
1.350697208722124176e-01
8.627159440094731568e-01
1.894562190188089912e-02
8.198932316409269366e-03
4.828538715978832330e-01
3.162993946918349897e-01
3.882678953402741301e-02
1.278432414725582181e-02
6.808359640054563178e-01
5.143651820563662630e-02
4.599328646678985666e-01
9.157842831684916973e-01
1.784599185696203183e-01
5.995474422330955289e-01
5.654393962009128805e-01
4.766930006867673569e-02
1.715156741490841616e-02
8.117510395198505868e-02
2.738535501096929503e-02
1.214819388699507272e-02
6.935430615695927781e-01
4.998174648640135165e-01
1.869941218954483675e-02
8.616094750092189170e-01
5.566331730182164650e-01
5.351540764845231779e-01
5.829052549130759875e-01
1.876709224744550764e-02
1.819937501333930563e-01
1.585507092971583931e-01
4.534475362467457749e-01
5.137781173612421259e-01
9.054126249915515068e-01
6.278827349716719075e-01
2.956874688550339414e-01
9.099252588358424099e-01
1.214821974488832779e-01
6.569557843886110193e-01
7.118887955504292764e-01
4.896086519568095263e-01
1.468674321047590270e-01
3.292540278504072493e-01
8.370529103505930379e-02
9.540000448212310191e-01
1.007780170822075716e-01
1.216977538016374011e-01
3.576114779283488532e-01
5.279869216333304277e-02
9.444842505737427452e-01
5.442168242982383664e-01
1.339184717859882301e-01
7.953351053248211011e-01
1.410826544901068735e-01
8.580153163247058457e-01
6.739309027227058380e-01
1.304844403196510627e-01
3.288886928846393998e-01
3.932400918349992502e-01
8.005878029373504623e-02
7.182030720745166130e-01
4.037212672645191791e-01
1.470648609489027571e-02
9.609833905004890875e-01
1.172820877156368208e-01
1.719260590455914256e-02
2.933023007018319972e-01
5.265158464710529840e-01
6.127404330644312669e-01
4.202088839784899332e-01
9.138806659038312130e-01
8.676202398819641420e-03
5.536738951290620658e-01
9.769752345967107621e-01
7.260306750136578946e-03
3.606010773103116573e-01
2.459747315927036104e-01
2.898980734956729255e-01
7.368590486770226766e-01
5.862927479149744325e-01
2.799841199014006521e-01
1.453743159240729610e-01
3.920046801627377064e-01
1.568739748888773045e-01
4.981540309839641023e-01
1.616475866124707228e-02
1.422366540713079774e-02
4.960187289177633296e-01
8.023273749225261486e-01
5.675629587113183439e-01
4.267722512943970814e-02
9.523593486283662424e-01
3.384204365509100310e-01
8.955948426524572570e-01
6.954099299589111549e-01
8.472790029690441260e-01
1.326574908329171965e-01
9.028827982406577579e-01
9.251958232551571459e-01
4.176688987434713507e-01
7.733022612928223127e-01
2.100385979053982603e-03
1.433908512936195312e-02
5.440601702675001983e-01
6.443187085448469631e-01
1.811095763618265561e-02
1.839738331265443685e-02
5.282276099930724098e-03
8.281341406385094306e-01
8.522644912391795780e-01
1.697885114760216696e-01
9.819807502798926224e-01
6.611428386060724804e-01
2.849061171052462149e-01
3.802616240854047591e-01
1.932249508100986335e-01
9.586398086524929862e-01
4.618605380448721071e-02
3.149247733028315982e-02
9.313370283064468236e-01
7.028089943707725995e-01
4.455184679468223163e-01
6.636435417456877650e-02
3.628023517492925953e-01
9.555426494503750368e-01
1.057438228893191057e-01
5.501759182826762018e-01
5.957618438945956330e-01
7.306862605852305625e-01
6.682264883125052513e-02
6.288961741549543571e-01
8.948770559908675315e-02
7.971201113330264043e-01
7.818471305972849450e-01
2.049853613958567133e-01
7.826681749485042694e-01
8.248975518979265731e-01
7.071446889144480941e-02
1.632592457851592405e-01
2.487555438290569576e-01
6.844034090401903692e-01
4.946507034566059724e-02
5.336728338851520759e-01
4.258851894394132254e-01
4.777600227209676254e-01
9.216442458507554392e-01
8.373622868087586824e-01
7.543117017498645049e-01
9.066837017908111473e-01
5.294782122024374593e-02
9.454225349006096790e-01
5.716286434457885646e-01
9.559012816541755386e-01
1.372365263954891390e-01
3.667688166854590204e-01
9.467151390295981406e-01
3.161921109409600583e-01
7.548706768618248519e-01
2.801823372851278693e-01
6.375684148583545818e-01
9.670520164115674611e-01
9.341516486227250393e-01
8.115668092255289012e-02
8.635225082859516732e-01
1.027675936539147877e-01
9.361943796647627103e-01
5.280775126256171959e-01
3.981777746468007084e-01
6.880992565232393887e-02
2.439198793879726254e-02
8.097477733279936363e-01
1.393528754078071363e-01
4.559856527108830937e-01
9.145392394887408294e-01
2.822321336382581092e-01
8.013192394635902938e-01
1.035224923746744762e-02
9.098601060017688091e-01
6.431055182791104059e-03
9.136501077250664959e-01
9.920862581575951022e-01
1.216554883289234085e-01
6.713377393092045953e-02
9.550843194582073759e-01
3.103376779149574771e-02
4.538026154422367120e-02
2.704049035842290838e-01
2.507772366429160127e-01
7.057006381929308292e-01
2.453038834873044471e-01
9.792631810963144945e-01
9.562804109112048589e-01
9.082761245255881466e-01
1.838014346112101793e-01
1.276493316886300744e-01
3.973083210176118762e-01
9.865152171175759488e-01
5.696068537085021699e-01
3.556661609049964479e-02
7.722360044280065505e-01
1.355986464503497468e-02
2.329008200868785960e-01
9.847523529446609025e-01
2.666468349900657508e-01
3.773107823224377544e-01
2.434702263083008411e-01
1.810954800464141881e-02
5.703487521469328136e-01
1.634564339243283482e-01
1.500755948551767138e-01
3.178803829408962667e-01
6.986719606403404281e-01
5.451217928221096728e-03
8.056620958721759651e-01
1.235454816287019468e-02
1.759469758930848060e-01
1.057487312146079134e-01
9.643613320140006495e-01
9.129883888853087548e-01
2.496456813108865330e-02
5.922855645414319969e-01
5.133885356105567510e-01
8.610176261207151960e-01
8.982749142414973020e-01
8.440485721160807531e-01
5.122377451434501072e-01
7.410079489471055325e-02
1.738502763937327111e-01
1.397029937434450808e-01
8.638071024312217183e-01
4.407435278208698404e-01
1.532995255815453317e-01
1.871378800000367271e-01
7.077666528095937215e-01
9.371699909701290965e-01
6.280073742702466655e-01
8.467545397752529457e-01
1.102228779469158898e-01
1.259241047325177776e-01
8.173628578458781435e-01
8.692411835508699891e-01
6.554231936037211437e-01
9.426991883269498773e-01
5.522304483418464249e-01
2.325620660886501892e-02
7.312066084153222567e-01
3.786070669494576713e-01
5.158873910682608699e-01
9.128432606747438616e-02
4.349947378623985061e-01
8.867920545031655888e-02
9.512679681213613847e-01
9.401306717648705291e-02
9.129446600234900622e-01
5.565576054877123813e-01
8.349518446289381224e-01
2.877283114667982811e-01
2.605480067618181489e-02
1.492989913392008261e-01
4.054362734553643710e-01
3.417447756412414495e-02
4.633733014649071280e-01
9.989830492743762003e-02
8.442794403626805444e-01
9.582863782454952295e-01
8.028669990271918300e-01
9.404520051021206806e-01
9.213294449726922020e-01
5.088375027451027544e-01
1.775312689546521272e-01
5.355180675420239123e-01
1.007516993494929625e-01
9.402920342309294410e-01
8.518899337064278487e-01
2.771347716407334127e-01
2.923771276855754442e-01
4.585301667595256120e-02
9.412262269263700354e-01
6.279377815917970285e-01
5.627219867866478653e-01
3.378498146669209889e-01
8.054497840133730824e-01
9.140159217942778191e-01
5.296770575232148115e-01
7.498909036282809248e-01
3.415041580921981401e-01
9.147493399547662607e-02
8.704144482053004228e-02
9.792631810963144945e-01
1.854569507822683982e-01
9.600371996177095579e-03
7.423784376628131398e-02
7.823261450800651495e-01
6.971752128519561609e-01
1.631688474998768332e-02
9.905393695685945632e-01
5.634342467324849890e-01
1.296227907225254439e-01
7.377217256793943134e-01
1.071014032955787953e-01
1.754903895789663992e-02
5.493504648559834752e-02
9.336960309836981331e-01
3.302753370159097757e-01
3.977240713877405742e-02
8.813330040844449265e-01
9.419730053970111205e-01
8.996414130703282996e-01
9.660818673014712754e-01
7.065114300238530820e-01
4.846265580397640105e-01
6.469265775953600972e-01
6.032122154379655488e-01
8.956518395032551094e-01
9.300959196663740602e-01
4.692119119041359698e-01
3.302441570019598038e-01
4.618476116240747276e-01
1.911619441608964076e-01
9.648136939920645694e-02
1.062302296756830466e-01
9.902674920149565629e-01
1.354236487158084513e-02
7.433689644173793569e-03
9.451570997416214315e-02
8.941721451131795506e-01
8.986014326480560310e-01
4.339106111658708742e-01
2.864429979630639736e-02
9.530280051389119489e-01
3.838902115524788772e-01
7.947728966712898357e-03
7.983108316126479032e-02
9.190515706489265080e-01
7.290660065508566268e-01
3.348885661130112101e-01
3.491110903128548659e-01
4.310324037818852143e-03
6.596145852474634141e-01
7.330059076741491930e-01
3.890732896093036797e-02
7.385404609240912022e-01
2.518539783478287997e-01
7.209886589371300447e-01
2.970780178191936294e-01
5.206503579735054510e-01
1.532895712836644941e-01
9.359941370010936845e-01
4.156944798053630596e-01
1.820447788089468166e-01
9.135347548368767390e-01
2.024457218469070952e-01
4.958217343582291825e-01
9.891663478372990648e-01
8.033041254845598722e-01
4.672950717816570232e-01
1.313320713097035353e-01
7.914764533982774353e-01
2.764416918188635219e-01
5.659003228978267547e-02
6.655884735777253258e-01
7.301214700251285050e-01
8.907274368075130955e-01
5.630112683491825809e-01
9.781944450014086190e-01
9.187200448884688120e-01
2.738325513421011048e-01
3.488080539793103063e-01
1.597417322320521804e-01
6.792551198779689381e-01
1.378246598278198842e-02
3.706341696221213677e-01
2.214112936609718418e-01
7.148415341519132049e-01
2.371726070426457833e-01
4.143713194505121988e-01
9.152901529424823934e-01
5.552180560347784732e-01
6.730591791593841522e-02
6.892034588996307498e-01
8.483162916452084978e-01
6.201198416903603849e-01
7.076869732646906552e-01
1.254357108503231788e-01
9.051394758927525652e-01
6.033038110962942076e-03
8.208335423288080079e-01
5.962627524612597041e-01
6.609331185346922766e-01
6.569318860471042854e-01
4.859066265505237320e-02
6.824223487044002168e-01
7.015173106531444880e-01
9.022262939331722187e-01
9.401949197016523652e-01
8.635924274042054982e-01
5.278974564510582196e-02
5.148472979284833828e-01
8.920939161668316464e-01
9.911177179906164314e-01
6.672145722427740289e-01
6.977992401784460785e-01
7.915885420553533391e-01
9.935225670144457455e-01
5.089251899536421098e-01
1.395604071034632632e-01
6.383328531641750958e-01
9.932393939000215832e-01
5.978363912628008592e-01
6.951953590549367346e-02
7.640276478561967011e-01
9.165172940836049387e-01
1.802356281396453597e-01
2.955157240669979354e-02
9.884850270222516055e-01
7.086213216855448138e-01
9.943886966611518996e-02
1.928540434297996639e-02
5.349319910988675764e-01
7.596733420905806833e-01
2.567955424181974644e-01
6.193653370750152876e-01
7.873352521778514967e-01
7.120362868200992290e-01
9.166438407454792214e-01
5.937907762756966176e-03
8.898808886411114782e-01
4.310061023607327652e-02
9.051468668836759601e-01
1.830762023724741006e-01
8.382349972207600031e-01
2.855906220766338266e-01
9.596334303628918649e-02
1.903403376426772153e-01
4.644763546625481354e-02
3.243888199345208445e-01
5.161168488934604337e-01
2.251936049660025613e-02
6.201805632889913905e-02
3.620467022188448430e-02
3.094276300108666361e-02
7.624393698205936820e-01
7.787904770221910633e-01
1.943905442645378970e-02
9.891421102993732672e-01
3.825179303523322250e-01
5.828162669621783643e-01
4.388570035896541266e-01
9.271479111076592894e-02
2.758201979317798647e-01
4.384375629810590147e-01
7.424928112859763285e-01
9.467174530274267141e-01
1.550566775280874665e-02
3.353594133736409466e-02
1.075623989741174291e-01
8.827057447156377162e-03
7.964512450064453741e-01
6.865345588410538824e-02
1.281230077730372841e-01
7.466638747910074869e-01
9.393302839894018819e-01
1.251446615530708018e-01
6.020971893578934697e-01
8.588480173243903115e-01
2.924908714536131882e-01
8.196324249937557704e-01
6.256467380642530829e-01
6.930675493227483885e-01
4.746876718217493130e-01
2.511725935414046429e-01
5.547139773861978762e-01
2.148823936472089857e-01
4.846907680063171631e-01
4.106859122897106307e-01
7.011301855002112227e-01
9.940675819106226108e-02
1.033692812427683960e-01
2.652143557522437453e-02
8.478983820857042275e-01
8.898656443678654160e-01
8.021147957510537108e-01
3.002955053619998926e-02
5.377292551073111770e-01
8.690691118064968190e-01
3.030315168299709677e-02
8.500236111531790650e-02
4.665360885720650636e-02
3.572855466616626230e-01
1.724794883715838334e-02
5.402085149696764788e-01
1.238384222222438241e-01
9.440423218341035261e-01
2.423962705236019366e-01
6.464189486687154096e-01
1.660671097153939776e-02
1.733042335881443061e-02
7.767600540857566571e-01
3.616380568323403488e-01
6.006871660631577514e-01
9.482258856855287910e-01
8.272937511680907852e-01
3.467647140228931057e-01
1.799999163231031860e-02
4.239071245089690715e-02
2.319914134296864952e-02
2.626368541793622780e-01
7.148977222749257621e-01
6.059574077583089746e-01
7.681337656139053394e-01
9.173165406864788873e-02
6.305829738376246274e-01
6.486032333738745992e-01
6.692977083830162766e-01
5.976386278204953717e-02
7.392042859775114216e-01
4.954123258646334765e-03
1.030367817935316371e-01
8.416801096302612972e-01
8.695646811292125911e-01
8.628949521565493219e-02
8.731568813823584740e-01
9.365466544963968465e-01
1.029782135493905043e-01
9.895805571357194630e-01
9.345387997105824018e-01
8.255087893802572907e-01
7.315612564485989289e-01
9.138733806191572384e-01
9.191467192725490953e-01
5.998523791616309220e-01
8.380463823706788551e-01
1.306145632589174044e-01
9.242039795690423221e-01
1.077713461748760343e-01
5.522911982124856234e-01
8.061655125032403113e-01
3.949027665701515533e-01
6.821746436263552704e-01
8.752827049141875815e-01
5.094265894548897222e-01
8.525648785715177203e-02
5.402498714973285043e-01
8.753361274848894258e-01
7.606756647865378640e-02
3.049300431971865288e-01
8.329841541849608566e-01
3.084380351253982952e-02
1.204418221016412688e-01
6.026593003259433229e-02
9.242821019275145877e-01
1.613761661431201144e-02
9.202226250269479602e-01
3.092512446732647025e-01
9.421109445728592657e-01
1.625811293605997077e-01
2.705293041775963872e-02
6.796290493071508454e-01
1.561710581011392998e-02
8.402892467988855030e-01
4.814990516215140737e-01
7.532236799600128263e-01
9.449568617228160106e-02
1.840922648746556589e-01
7.416372763926483147e-01
3.890110166860716312e-01
7.273916173809957808e-01
9.039138494652572131e-01
5.957417953150411227e-01
5.273536401393316003e-02
4.813418822451867585e-02
8.359489216448219295e-01
4.152768525211423811e-01
1.228432905678423642e-01
6.741877499886893554e-01
7.606908783520606177e-01
1.535399597731881005e-01
5.448943484781879620e-01
1.829638830898828172e-01
5.214130109402439484e-01
8.482006706565733412e-01
9.577264905207826251e-01
7.744511131147024594e-03
8.935960392311450562e-01
1.937058858880778556e-01
2.580437532667578249e-01
7.527259927036666909e-02
1.832867228243662272e-01
6.171553293817281238e-01
8.426328558392909285e-01
7.640598334760687060e-02
9.344528354311818497e-01
3.330229437988976859e-02
8.683528660620952744e-01
7.395510888773507707e-01
4.151271243079690532e-02
8.243753237719645410e-01
9.507924070130452376e-01
7.552381753068136694e-02
9.572795068206151337e-01
2.761405777336848333e-01
1.143296591543151858e-01
7.755948617009107426e-01
4.616628853648897524e-01
1.061454454956066440e-01
2.333240243980659323e-01
3.307446673087631739e-01
7.029357966578627659e-01
5.273669211701375037e-01
3.873119663495021570e-01
1.956210964604828129e-01
6.285455242899447292e-02
1.218782258323545808e-01
9.242469128061535644e-01
7.564890221628992606e-01
9.400357579942220099e-01
1.567414740725504296e-01
8.921653612379869536e-01
8.683180530929092145e-01
4.719751439964162132e-01
7.197111169279171161e-01
5.027383288542490725e-01
6.330074122121467362e-01
9.383392801678318573e-01
2.369694274002005774e-01
6.886832359960305405e-01
4.830030244682744223e-01
8.261740219117914563e-01
6.636585007772539679e-01
8.787835090444283681e-01
1.234691831060396594e-01
8.111128915072682855e-01
5.875533109365603524e-02
5.658966639145610600e-01
5.834905140954778080e-01
2.090609691801402215e-01
9.656382963028732336e-01
9.671011256882912077e-01
5.124974446476207590e-02
5.728933437729549771e-01
1.643191070747037907e-01
5.996202245102142531e-02
1.918590814959134638e-01
9.924663570989030598e-03
6.972734913675723289e-01
1.624508714533011433e-01
9.060028567876972083e-01
4.070542791776329827e-01
3.617393095633484462e-02
9.619535843061752800e-01
1.735079163090978357e-02
3.120042398457897326e-01
9.311800346736015532e-01
5.726106071026449973e-01
5.276526376692535630e-02
8.529936292874223946e-02
7.165310064795891165e-01
6.614417161001837631e-01
7.611541708126865480e-01
1.703622971826248764e-02
7.798212367796137912e-01
1.748554677997293111e-02
9.874723623510174297e-01
9.907743707011803513e-01
9.431387774899946397e-01
7.989559503864275269e-01
6.805325427162400853e-01
9.382836501811783192e-01
8.882444316276034701e-01
1.963484015700187046e-01
1.394188323745675952e-02
5.384438115724187179e-01
9.482796185931002819e-01
4.218883303421927522e-01
1.361032398900197948e-01
6.737510324891349267e-01
7.024688681611810370e-01
4.548884329152692585e-01
5.548993615601962442e-02
2.374890200999012491e-01
2.758042451987752566e-02
7.573928014757264071e-01
8.487201222924167787e-01
7.824546348260792428e-01
7.465647007718566597e-01
6.604540503177475097e-01
2.649953407924892854e-02
9.928976216298489310e-02
9.178718920703548001e-01
4.108867632584674578e-01
8.682043928407893185e-01
4.834637676277270812e-01
8.980123209671694307e-01
2.668543789478218242e-01
9.087777297763465212e-01
1.501481427398511023e-02
8.975401916681371439e-01
9.015235329925914975e-02
3.604420187511741397e-02
1.404488142065042633e-01
8.994156019278942704e-03
2.008110522321720701e-02
9.948396203876862520e-01
8.638242132566236187e-01
9.367230621700558535e-01
1.162069983510468155e-02
6.117485318088998481e-02
1.455851700539104454e-01
5.597913217980453604e-01
7.597195011904220863e-01
2.024534499729115644e-01
1.611062633450750792e-01
9.443786893503857138e-01
4.761839062921028876e-01
5.045377055462410554e-02
1.676848417171992317e-02
3.098344661198443057e-03
1.289022816544015126e-01
3.810151676284607714e-01
2.042453202110255106e-01
8.671609656435529390e-01
1.145969716285976520e-01
1.954762357333337530e-01
5.205077066507402678e-02
6.757486830069231454e-01
1.803732158907556810e-02
7.612629540562948494e-01
8.785537000662978491e-01
7.613974323901951946e-01
8.663689635994685778e-01
6.968789890642005380e-01
4.324101349997866994e-01
3.464422169623540548e-01
1.386275579509990141e-01
3.612276989359628487e-01
5.942238487342506037e-01
8.415807080129460160e-02
9.674112990737738782e-01
2.804653769581764641e-02
2.617808522674339167e-01
2.376756312864070630e-01
7.203406787089756957e-03
9.021473377991341414e-01
1.587902110825616386e-01
5.945318512836947900e-01
2.128522277481394998e-01
1.741699949390504779e-02
6.129906923173507050e-01
1.177018191949945891e-01
2.305009009397596120e-02
9.029990625319629649e-02
1.813603550132080189e-01
3.047840377676191426e-01
4.760544903474936418e-01
8.424761038305639271e-03
3.243616013563496159e-01
3.094814050997455879e-01
8.721197194228468286e-01
2.116566287390216627e-01
7.050833139976256936e-01
6.855434758882698043e-01
7.334093400603822199e-02
3.480202636136806582e-01
5.479840834115949633e-02
2.250922395442701146e-02
6.603258996748154752e-01
8.252877767313787638e-01
4.417922887379829855e-01
9.051035230291495370e-01
7.994177651432007314e-01
7.815078753152696622e-01
2.559651477036263278e-01
4.949735805784372666e-01
8.042763651832308680e-01
9.325933870968321493e-01
1.927348132941055989e-02
6.905835681807628301e-01
8.708527242550005987e-01
8.207491683816277306e-02
4.642016067992368877e-02
1.589587603180633302e-01
2.532347395217390273e-01
8.458804923524234631e-01
1.901213916409015825e-01
8.918077326865340299e-03
5.525473194103422969e-01
7.567472836544218984e-01
9.613995325202727774e-03
1.116694590557382009e-02
2.234790650757655095e-02
3.438108598773879088e-01
9.987189206672704433e-02
9.573295155342710361e-01
9.067047363341933508e-01
8.862044962714284990e-01
9.905005713826998681e-01
1.224904959982397457e-01
9.097953286454264488e-01
8.113246676623430131e-01
9.941234182632325833e-01
7.426319894883030015e-01
9.064495014804645479e-01
4.317740456802782734e-01
2.447747540481628459e-01
2.814805113697050887e-01
4.958413482423832952e-01
6.807759280736304375e-02
2.686027361546744138e-02
5.200821128198134247e-01
8.875087749681882521e-01
6.649864183145680618e-01
1.705655743875647556e-01
4.558146034919851597e-01
8.134178517262602437e-02
5.484625821194080014e-02
5.183972647081797058e-01
6.494546829515752684e-01
4.312584179907883453e-01
1.550516792944068578e-01
5.891990011240447744e-01
2.062576738077850080e-01
8.123105651767097424e-01
3.058692827003611225e-01
9.569038050263494188e-01
4.602575973252679975e-01
7.772025871589907098e-01
4.818837090225283060e-01
1.287962914870937614e-01
1.617463681121930896e-01
1.195944054653697020e-02
3.894754409118920124e-01
2.836549187762869018e-01
8.989354110161053013e-01
6.311153932858226678e-02
1.454444252490638967e-01
4.431218888851442550e-01
1.170093385747579713e-02
5.451508553539011204e-02
6.610537983767204029e-01
9.390640320449865630e-01
9.575812878393487049e-01
8.440453545125672363e-01
9.580094729399633025e-01
8.364012022452944617e-01
3.875160599777225934e-01
6.414751530735942828e-03
3.299752190124467105e-02
2.447839490351068625e-01
3.972119325658838296e-01
3.922489852138883598e-02
8.033013722555476521e-01
1.877820273478444102e-01
7.232964335594751493e-01
9.721187804711319824e-01
1.250236729491385756e-01
8.387351662915027983e-01
3.265850901644954951e-01
9.277323271313610009e-01
8.788347557110506303e-01
9.784651511732379570e-01
1.008067985874902192e-02
8.772363856282482386e-01
7.668732861949374702e-02
2.524756997686000148e-01
9.307530105317792790e-01
